Eigvals	60
2.31965641375	0.815045039716	0.575388728174	0.467583430508	0.41915310615	0.398237542955	0.373846990923	0.345598009735	0.339255392027	0.325796764105	0.317165041748	0.302039404132	0.293009464531	0.278388457101	0.273791875769	0.263219246981	0.258716274991	0.254597564728	0.248095612481	0.244033156454	0.231033236418	0.228467530051	0.222048679942	0.217652238696	0.208704343988	0.206234200282	0.202977513699	0.199917941267	0.194469993179	0.193336438819	0.191105812744	0.183442530944	0.179636641016	0.176610880988	0.176144281237	0.170328883637	0.168921360857	0.16468074218	0.161642528561	0.158400386645	0.153219580864	0.14930477991	0.148526084579	0.144040799488	0.136843829841	0.134973026099	0.132180713288	0.128089855155	0.12657754001	0.122957756146	0.11867824112	0.116939719373	0.115699021694	0.112838962929	0.109761300651	0.106413797326	0.0985717544935	0.0955289094444	0.0916553181483	0.0

Proportion explained	60
0.151699033162	0.0533016630287	0.0376288114217	0.0305786468677	0.0274114392859	0.0260436200279	0.0244485462318	0.0226011419746	0.0221863525392	0.0213061959646	0.020741705496	0.0197525311559	0.0191619983947	0.0182058254555	0.0179052219093	0.0172138015957	0.0169193198384	0.0166499677218	0.0162247582538	0.0159590850067	0.0151089266432	0.0149411366322	0.0145213618114	0.0142338468663	0.0136486796113	0.0134871391307	0.0132741609486	0.01307407348	0.0127177929323	0.0126436616518	0.0124977849534	0.0119966277851	0.0117477332423	0.0115498570102	0.0115193426932	0.0111390319765	0.0110469839285	0.0107696593431	0.010570968681	0.0103589416795	0.0100201314904	0.00976411447163	0.00971318997776	0.00941986489407	0.00894920323457	0.00882685790912	0.00864424847126	0.00837671780597	0.00827781663082	0.00804109290347	0.00776122460571	0.00764753015228	0.00756639199871	0.00737935216521	0.00717808167134	0.00695916432869	0.00644631668944	0.00624732314484	0.00599400112223	0.0

Species	0	0

Site	60	60
Amz22chld.418485	0.0172460977509	0.0352758480103	-0.16076205341	0.10559800492	-0.032815382008	0.00455426714579	-0.104397809967	0.0709672346809	-0.160445206991	0.0109571375336	-0.027720919339	0.0228616946358	-0.0275688277023	0.0688735714723	0.0408972536117	-0.0999920952741	-0.00884185655048	-0.0204197936291	-0.0305598940805	0.0915872461749	-0.0810698079073	-0.0024467572799	-0.0277131542075	0.089840214608	0.0662247324506	0.0201154156211	-0.0188791172246	-0.0185772692744	-0.0404891771476	-0.0302766696553	-0.00404264881082	0.10475718978	0.0197202437901	0.0866190075999	0.0120717701456	-0.0892908020661	-0.110796285855	-0.0499700223416	-0.0150342731603	0.0351860716062	0.0132213177714	0.0331817955135	0.105869317477	-0.00846885339067	-0.0115132640215	-0.0525304774254	-0.0445539895035	0.0544470431371	0.0342020829524	0.0473408159926	-0.0772648642604	-0.013718956842	-0.0112010091714	0.0693106765017	0.0553435984113	-0.00724089945041	-0.0490584506356	0.0179261855847	-0.0105125039918	0.0
Amz25chld.418466	0.0965344559327	-0.00690696164238	-0.0573290248061	0.151042198465	-0.134285346727	-0.0261411674635	-0.189564227684	0.0363117619382	-0.0949650512281	0.0556012601569	-0.0252742433399	0.0437164619489	0.0247464932751	0.0588994143613	0.0209506152166	-0.0392968916923	-0.10161440215	0.0222819864181	-0.114230652867	0.0494378042365	-0.129131375404	-0.00324973194107	-0.066168842028	-0.0533891816671	0.0717191988974	0.00873567813043	-0.0217683762474	0.0128369373393	0.0710221546045	-0.0439063320606	-0.0693009334749	-0.0235327505421	0.0173978721834	-0.0812235594882	0.0396575597437	0.0308116620007	-0.0102138122066	0.026831761117	0.0376615758013	0.0150250587152	0.0446330575491	0.0365927035431	-0.0711421529524	-0.0440152852176	-0.0451270309165	0.0327070256661	-0.00692117904136	-0.0695361313053	-0.0775640338631	-0.028532025166	0.0586884275874	0.0262497192786	-0.0128456826292	-0.0947355703644	-0.0221296353866	0.0176722734734	0.0405280838548	0.00929707231671	0.0403544526697	0.0
Amz26chld.418481	0.111104091687	-0.110618299013	-0.182656112086	-0.041042149619	0.00620818887913	-0.0872779975348	0.0516428156622	-0.028205345199	-0.0202837660178	0.0406628261847	-0.0211175672903	-0.0875796865501	0.11129594341	-0.0341184878644	0.108085599585	0.0979087471273	0.079617866625	-0.0142720530089	0.0607948305062	0.00767710031742	0.0126035035568	-0.0342789006064	-0.10370213151	0.124499318747	-0.0164408458265	0.00783661745413	0.0133646943747	-0.0150434413491	-0.0342084624732	0.0517329944733	0.0699130418415	-0.0581291088776	-0.0456681232985	-0.0534178080644	-0.0672688811217	0.00118058990801	-0.0571251542645	-0.055330797632	-0.0160224667142	-0.0319929134128	-0.00570222698774	0.0543826225346	-0.061532414134	-0.120971860335	-0.0722663768695	-0.0412695611707	0.0274438295008	-0.106140217564	0.0408057628404	0.0391432793179	-0.0107033979175	0.0511228504945	0.0361013976337	-0.00655689413022	0.00209129763214	0.0445658266769	-0.0285327824333	0.0085866314241	0.0115985070199	0.0
Amz29adlt.418370	0.151311372431	0.00249630809898	-0.107787838194	0.00114423018776	-0.207656224439	-0.132248049659	-0.0445802425515	0.0603522714955	0.0256784207679	-0.0340454423342	0.0365006260349	-0.0211889410246	0.0455236697433	0.0423606173584	0.052282463565	0.0873035084607	-0.112045828396	-0.0283050311325	0.167746525194	-0.0419206266942	0.0194711250253	-0.0805131899171	0.064734339155	0.0429753224542	0.0535338936262	0.0697432305798	-0.0294510774761	-0.0855953413212	-0.0714880856339	-0.0207957039196	-0.00374362952784	-0.0144053159578	0.0100142296476	0.0254163417537	0.0561366211704	0.0928112304934	0.0922357758308	-0.041878050819	-0.0380531451151	0.0868081554639	0.0278631060065	-0.0744963439178	0.0146905109861	-0.00902327619914	0.0492579833481	-0.037165973504	-0.0238832817075	0.0203063221619	-0.0171110641692	-0.001055224655	0.0465316299416	-0.0653608597402	0.0303546556839	0.0223635089877	0.0200431769171	0.0244315275889	0.0432477434965	-0.0425545105115	-0.0156357098271	0.0
Amz2adltF.418633	0.214224309418	0.0676386801325	0.0368241096121	0.0477482502033	-0.190981639446	0.0275038951541	0.118306065545	-0.00165176205887	-0.0388227242213	0.0785442035029	0.101333278384	-0.0625680945711	-0.104242219203	-0.00801876390788	-0.0810535981306	0.0752816912456	0.0195661377262	0.0184592139698	0.133569310981	0.0511772969208	-0.0185219748349	-0.0332674774853	-0.127102591811	-0.0518212416164	0.0623402409884	-0.0732869927242	-0.103776607123	0.0669389050376	-0.0617935285751	-0.0213606983521	-0.03448639357	-0.0048573866949	0.024823755776	-0.00290596799206	0.015622283574	-0.0241383303017	0.035822879445	0.128552673914	0.0292192909609	-0.064932736194	-0.0750605742828	0.029894781498	-0.0269367294476	0.043866876876	-0.031379018736	0.0424338562795	-0.0420229466688	0.0187106236782	0.0563742753215	0.0544868363706	0.0146484645954	0.0288285037984	0.0260762349622	0.0297740590692	0.0391907967757	-0.0259567110464	-0.0147789495286	0.0126356911256	0.02253423968	0.0
Amz30adlt.418837	0.056644642253	-0.0990842806224	-0.101970983717	-0.116483986792	0.138005725025	0.0234683512363	-0.0950190145	0.0533618999983	-0.00354564569229	0.160319842119	0.0259018892561	0.024164106234	0.0248003828525	-0.0439067079246	-0.0191597461474	0.01598006591	0.0045458549994	-0.125058799026	0.0715156731466	-0.0768744485704	0.0345053582623	-0.0929705392316	0.00801387611756	-0.000251711531224	-0.123890736572	0.0522708682075	-0.0223047059627	0.0595333216089	-0.0365405048462	-0.107550969177	-0.0457154274081	0.0219491868814	-0.0203339392352	-0.0105522890979	0.0101481700762	0.00466245092239	-0.0336477776524	0.059497948079	0.134210017658	0.0267136610931	0.00250712513019	0.0651496868809	-0.0133581049976	0.0132312132761	0.101608886702	-0.0135994079507	-0.0442686963041	-0.029879444216	-0.0663847983482	0.0339487139975	-0.0263686514764	0.00929527374801	-0.0573916015278	-0.0348468895799	0.0247942258106	-0.0412946320899	-0.0243213097704	-0.0254329517288	-0.0313928001698	0.0
Amz32eldF.418511	0.0542305688073	-0.125976786698	-0.0916314953717	0.143498848122	-0.0601946653896	-0.0406832886988	-0.102542586928	-0.152294423393	-0.0484413897793	0.0508570833356	-0.0218462546501	-0.0208697854107	-0.053922010311	0.0192768560215	-0.0515750479613	0.121548149043	-0.0305035538758	0.146672377101	-0.0270786235401	-0.104225013995	0.0636554660971	0.0779920930737	-0.0179525734419	-0.0275527076809	-0.0322214982229	-0.0293632145551	0.135182605649	-0.0529670227318	0.0359513674506	0.0204127316974	0.00448009539389	-0.00491226304418	0.129654696056	-0.047361536154	-0.0718869122952	-0.0521964489375	0.0324761719476	0.00470479954214	0.0377855155757	0.0634311922839	-0.0587054098875	-0.0390025041582	0.00553592638911	0.0413104398988	0.0530523069968	-0.0248283014258	0.0113750631273	-0.045346349273	0.0191142042352	0.0376274430428	-0.0810993761849	-0.0455289833752	-0.00435188999591	-0.000343711702252	-0.00250435401621	-0.0364270070855	-0.0304600174875	-0.0135111650871	0.0176708460763	0.0
Amz4adltF.418711	0.115303505989	-0.175358393634	-0.20543277709	-0.0591142214734	0.0963387212226	0.0515060575856	-0.00836660902581	-0.0305739038227	-0.148786072356	0.00273302724924	-0.0830033521379	0.0567315314229	-0.0326740539059	-0.034400763924	-0.0119330130614	0.00753497128352	0.00868027943054	0.0774156694963	0.0202109297728	0.00771958511335	0.0547930850554	0.0108518505525	0.0552490736642	-0.0839230321911	0.0118982742702	-0.0465254456008	-0.0607717332967	0.0714943000129	-0.0258527606103	-0.0726587566497	0.0535619823566	-0.0485344442527	-0.0182875442642	0.0962469705704	-0.0340893722435	0.0512122716751	0.0420087917079	-0.0850885298721	0.0376041768412	0.0509749297276	0.031745776467	0.000402972280418	-0.0217012477755	0.0467150172298	-0.00920349698503	-0.0453981626762	0.0175521805719	0.0791879878401	0.0775193339127	-0.0222177551284	0.0713199706248	0.0670277416884	0.00320844133061	-0.0130310730242	-0.0469420857189	-0.00310837978809	0.0204775277444	0.0407450206082	0.0948196318929	0.0
Amz4chldM2.418774	0.0563133242247	0.0881082647923	-0.141585722639	0.0793181542991	0.0453769099496	0.0334121610761	-0.0188928139419	0.0461119766812	0.0772440378796	0.0202015885787	-0.0319672976611	-0.000169650399949	-0.0123699730343	-0.0440719404029	0.00940421546547	-0.102878224421	-0.0866610387929	0.0545956356137	-0.100791121207	-0.0917040693065	0.0469976648687	-0.0228577554586	-0.0163061206466	0.0872528778618	-0.0512507694761	-0.0362516411431	0.0463907541012	-0.00598809654694	-0.0131389446132	0.0551238875962	-0.0307729382608	0.00632147005821	-0.108945064142	-0.0541533880402	0.0514930351342	0.0501850167076	-0.0321024225405	0.0514711269643	-0.0302129603086	-0.021466326143	-0.131624343457	-0.0338238750653	0.0246506428918	0.022262265542	0.106018991368	0.0194441159246	-0.026772235427	0.00580623334258	0.0509587659442	-0.00775406053832	0.0573221210632	0.0382548513107	0.0383641511447	0.0189217246324	0.0839106492131	0.066616035765	0.0327960598743	0.0631523694315	0.048610505907	0.0
Amz5chldF1.418757	0.0959692072948	0.153018902158	-0.0981220921351	0.140310985109	-0.0525212755614	0.0346499383781	0.0271484434681	-0.0432638722221	0.0883483901212	-0.0467349895607	0.132185973824	0.013319956072	-0.0506551921276	-0.0656962200675	0.00150651367473	-0.08644260245	-0.0255853673952	-0.0527151613903	-0.0354008420951	-0.107017310568	0.0143539179919	-0.0107806578259	-0.0441552786803	0.0582958704713	-0.0443837757272	-0.0960761472953	-0.0348608785516	-0.0495978696642	0.00260347600749	-0.00689616689631	-0.00338017878081	0.0188932287256	-0.0818956182309	0.0625601835376	-0.0164437394193	-0.064238142327	0.0454763991461	-0.0876474012951	0.0629083663927	-0.026244780569	0.0254093786024	-0.0198657296826	0.0096710455556	-0.0426396288535	-0.0128686080177	0.0355854909945	-0.0662731018131	-0.0339265988966	-0.0278573769445	-0.0114382509976	0.0192963760801	-0.00337930350541	-0.00290457830706	0.0429151297755	-0.150849088143	-0.0570436646539	-0.0295026296199	-0.0573230435974	0.0393854583361	0.0
Amz5chldF2.418405	0.126878222282	-0.0130403395474	-0.184404686732	0.0598526655854	0.0503018500813	0.00342736459699	0.0572741598061	-0.00558772235738	0.0671437703609	0.105056699418	-0.0662671722544	0.0592356213636	-0.105906883528	-0.0126654643637	-0.0640031422189	0.00465469355701	0.0754542322003	-0.0957658041113	-0.0152641242801	0.0120878418818	0.045236871405	0.0541778202378	-0.00648931030919	-0.00233598733414	0.0742941502172	-0.0754141699173	0.0738226080278	0.0177227101168	-0.0237329740298	0.0419991402584	-0.0660304918436	0.0927092221114	0.0127444739531	0.083003727979	-0.0123342567463	0.01743138649	0.00074378397661	0.0106793055183	-0.0221163498653	0.0557861102861	0.0198300254426	0.000405453113846	-0.0961653308531	0.0723970528412	-0.0552084577365	0.0019118333178	0.00855826854808	-0.0303479717588	-0.0375750973046	-0.0533922152922	0.0159726815061	0.00309878860058	0.0476731431385	0.00713733802839	-0.0104216980458	0.100942274658	0.0188696021884	-0.0246674347037	-0.121763805472	0.0
Amz5teenF.418519	0.146558478368	-0.0569152772666	-0.125794953321	0.0940780016936	-0.0215658836054	-0.0318239767718	-0.000453164673248	0.0434244697884	0.140344913737	0.00350228447329	0.0801374655756	-0.0543634181511	0.0149223293303	0.0179973062091	0.0508670303356	-0.0261228080541	0.0579226112091	0.0395327284079	0.0106354384397	0.0958108893556	-0.0155329897822	0.0188252398335	0.0304596826736	-0.0996392495631	-0.0159464949384	0.111822742163	0.0896226668046	0.0579676552708	0.0939071238892	0.00116026696931	0.13592351428	-0.0187729393861	-0.019211013324	0.0151744320644	0.0485691801849	-0.00844142389313	-0.0158787771756	-0.011098412715	-0.0579819911934	-0.0363419628174	-0.00870624359103	-0.00255213005399	-0.0629872192398	0.012581445611	0.0308064387592	0.0259647664489	-0.154376326307	0.0396709679253	0.0855840814531	-0.0290248962515	-0.0279885020763	0.0186014416421	-0.0464441622973	-0.0538854847944	-0.0111947595937	-0.0301684714862	0.00504087097621	-0.0300756010966	-0.0441122740629	0.0
Amz6chldM.418668	0.164421583338	-0.00219370335521	-0.143843036743	-0.0874612213956	0.0155142922279	-0.117480089264	0.054555207308	0.0575474369783	0.102752117235	0.0131894936777	0.0830938925905	-0.0481611581606	-0.0885704258485	0.00170857052942	-0.0765135864472	0.0170782272096	-0.00522166887479	-0.0981482275944	0.00829275680884	0.0947732851497	-0.0428844167758	0.00451764375993	0.00388644692083	0.00132628506155	-0.0144727289931	-0.0127217945664	0.0611009112522	-0.0200731125838	-0.0560186794952	0.0284984545157	-0.0167359762139	0.00953870648624	0.0961701642325	-0.0425444137832	0.00380708415291	-0.055563322052	-0.0133890662289	-0.0306281537681	0.0232732187968	-0.0961826927671	-0.0254617207639	-0.0504348193841	0.107586793012	-0.00377801333274	-0.00310983220234	-0.0719572105913	0.074245146378	0.0205411984551	-0.023695958399	-0.113272412732	0.0386546688107	-0.0256823093456	-0.0513685812056	-0.0944202413607	-0.0104570283588	-0.00755729879129	-0.0222614286582	0.0564608316188	0.0512074373328	0.0
Amz6eldF.418597	0.150940463099	0.00962092520429	-0.148729261302	-0.0387392256847	-0.138259141372	0.100323534686	0.0935308856521	0.0636526795289	-0.0406621992085	-0.12035132542	-0.0371229601571	-0.0709193422552	-0.0321147543406	0.0273637258795	0.0664833602296	-0.146942521668	-0.107216462769	-0.00392577819162	0.0443802077196	-0.0532199875936	0.0991490566069	0.0217423244705	0.0154114813308	-0.0443202421803	-0.0279557205291	0.0684673387135	-0.0693595772333	0.0549755481593	0.0513044399592	0.0297773472511	0.0541268307451	-0.0770654121208	0.0295132789918	-0.0497009039579	-0.0759088092957	-0.0784686277639	-0.0146125200814	-0.01178327801	0.0352153326107	-0.0643835625019	0.0604928744449	0.010138754447	-0.0165402549575	0.0828079898452	0.0119771291385	0.0251389812292	0.0619281290947	-0.0267057200106	-0.0723798622478	0.00426467079007	-0.0510832662828	-0.0167894479643	0.00483658523241	0.0298316380597	0.00908951707402	0.0282109561843	0.0287549655124	0.0611255575333	-0.0553467150251	0.0
Amz6eldM.418356	0.212785328151	-0.155082016559	-0.0914552877775	-0.127919803467	0.0407619717363	-0.0423396498234	0.0236296886928	-0.0857683162391	-0.0495196320452	-0.00941493395389	0.0512715453918	0.0839525795409	-0.00536999022611	-0.00777927196943	0.0162450253219	-0.0359466250651	-0.059873981958	0.0367563624219	-0.0467339169825	0.0290604837748	0.0478828168543	-0.051966268696	-0.0142486039224	-0.0700758706469	0.0673942382916	0.0289746618481	0.00628368840526	-0.00607061642393	0.0237776194306	-0.112546777406	-0.0717923744273	0.0122422528136	-0.0481526423136	-0.00930668864934	0.0578852924498	0.0609743608839	0.00395071813967	-0.0375416561101	-0.100305139343	-0.0907895020169	-0.112785683863	0.0410824201592	0.0556487863239	-0.03155316001	-0.000112067811774	0.07379399763	0.103818412562	-0.0139216707496	0.00385706967358	-0.0210707152181	-0.0817430139105	-0.0137450426674	0.0571001090907	0.0133090621076	-0.033214078734	-0.0494855174755	-0.00270984648919	-0.0647491216106	-0.0406829467656	0.0
Amz7eldM.418423	0.0590287934372	0.0314864094969	-0.162831476794	0.00549937279863	0.076478435386	0.107259761401	0.110653967776	-0.0828376068738	-0.0109892508218	-0.0449595552647	-0.0864617949481	-0.0246392582678	-0.0547776360849	0.012627682013	-0.149190232485	0.0212989191064	0.0186866428401	0.0570000365824	-0.0094993999104	0.0015221172976	-0.0834563145156	-0.0408348720819	-0.0040159097462	0.109687409115	0.0587670764954	0.0442861862256	-0.0176434201313	-0.0421968932861	0.12574295211	0.0418657987259	0.0551612013061	-0.0718737163298	-0.0636905592582	-0.0561658062752	0.0329356867043	0.0571812836816	0.0580011363919	0.0399627185559	0.037171607011	0.0370840231542	-0.0147833964957	0.0245212529231	0.00962184029328	-0.0339480639471	-0.0429885281278	-0.0114488761311	0.027479158155	0.0846631520161	-0.0649474479718	0.00981474261975	0.0441201369414	-0.0349739703692	-0.090908647345	0.0231301317122	0.0402264631028	-0.0327562570647	-0.0602685230821	-0.0388829440724	-0.0398276147721	0.0
TS1.418828	-0.172542432026	-0.262737185082	0.0490977715764	0.0336211112024	0.0256910654764	0.050117775885	0.0804284089936	-0.128924501725	-0.070501111148	0.0176536417278	0.167670914476	0.0645264094572	0.0352969608753	-0.0933383686032	0.170353225321	0.0152697056741	-0.0354304290272	-0.0356547810706	0.00830605798579	0.0157424623742	-0.0454785355905	0.0274728162969	-0.0588500003555	-0.0428233552241	0.030838301625	-0.10756224941	0.0270812278243	-0.0322837597052	0.0509377211918	-0.0295675438613	0.0131571939959	-0.00929389053759	-0.0506468762646	-0.0378404596813	-0.0860791860553	-0.0150436640781	0.0501817238006	0.077664185481	-0.0427397688478	0.000436271248367	0.0907886578766	-0.0018396382575	0.0950656560552	-0.0031912695923	0.0514564082625	-0.0393531305977	-0.0452590402128	0.0255923061922	-0.0259618061574	-0.0597832991685	0.0285391054649	-0.00271664576309	-0.0275932285922	0.0182848666514	0.0553115734982	0.052138097129	-4.63240255245e-05	0.00647838651493	-0.0299846055074	0.0
TS109.418691	-0.310622729361	0.0670780786858	0.0106429797982	-0.0351286918277	-0.10104033013	-0.107730807747	-0.038798116455	-0.111709847837	-0.0538783423866	-0.0317109405133	0.0550477319265	-0.0884005098494	0.0443806746322	-0.0132115417935	-0.0306421055747	-0.0529695242643	0.11153921575	0.00830754785363	-0.100418759438	-0.0053925299499	0.0611797492548	-0.14728524731	0.0323359218037	0.0600239723564	0.0457861029751	-0.0770360102842	-0.00581491327617	0.116180728883	-0.099733869222	0.0181825246518	0.070391801265	0.0130185716995	-0.056935769523	-0.0737576579916	0.000219494649713	-0.078916543261	0.0246272258678	-0.00490746776143	-0.0280567191639	0.10648247336	-0.00159597082115	0.00256926744193	-0.0140045317916	0.0352893182742	-0.00386114129876	0.0260011400927	0.0170513459871	0.0618108955443	-0.0438805708173	-0.0416769448873	-0.0452289992213	0.00373763028686	0.0226875074239	-0.0804122025718	0.0189511088791	-0.0437168257717	0.0426692490946	-0.00706045508306	-0.013683491518	0.0
TS111.418684	-0.196336750088	-0.149268119321	0.024173308144	0.113752513362	-0.0349115289275	-0.146546565734	0.053884201894	-0.0174270797431	-0.0323658356831	-0.0857688571414	0.0832902230669	-0.0664675698617	0.084600689815	-0.102870833766	-0.057884109102	-0.00199061444896	0.0193717156178	0.0476220561794	-0.00107654427514	0.0137968522464	0.083295104578	0.0655643678164	0.171051750382	0.0445498150665	0.0456281239102	-0.0234614057121	0.00448630504918	0.0781794829418	0.0514157473634	0.0193826236712	-0.0871570737916	0.0437294635868	0.0987683852263	0.0245143064649	0.0505292179677	0.0380558378779	-0.0624347756304	-0.019713279697	0.046339060561	-0.0766579798068	0.0169866235087	0.0527578282716	-0.0385101479843	-0.0800367649824	0.0517680950483	0.0156982670214	-0.0118376857199	0.0431621983668	-0.0654826621299	0.0383418247698	0.0575785552392	0.0355994311045	0.01814285365	0.0430862564213	0.00957871958654	0.00557832954467	-0.0442881942792	0.0208036639579	-0.00653773299057	0.0
TS127.418550	-0.136996174591	-0.269299738942	0.113124530955	0.0653053052934	-0.038228867536	0.117529062678	-0.0128235339702	0.0172840122907	-0.069352251941	-0.0994120354559	0.0295860319132	-0.029886834542	-0.0470581011406	-0.0695959967241	-0.0619908146239	-0.0063380484186	-0.131163658129	-0.138715991013	0.0371885559332	0.0505016116214	-0.0734206915867	-0.034337202543	0.0594558644322	0.0876962188317	-0.0484638993588	0.0315266431369	0.068522505862	0.0542736861838	-0.0249931439333	0.0175644379857	0.00871444991121	0.00701343656816	-0.0252938462358	-0.0219684394192	-0.0250675958807	0.0751986722112	-0.0592626959336	0.0350740403144	0.0444692880315	0.0508538100601	0.00213644050215	-0.0943790156177	-0.0375209618583	0.0160555347945	-0.0503624989375	0.0944217094671	0.0369363755759	-0.00676510143192	0.101644948427	-0.0276422783847	-0.050153994899	-0.0189670320915	0.0143098349615	-0.0161172350548	-0.0352405493478	0.0204005771083	-0.0531568780655	-0.00863769100837	0.0129447776661	0.0
TS129.418618	-0.276617892665	-0.0548270695099	0.0171951208672	0.0340886862825	-0.0426940609931	-0.0878044311888	0.0609136597286	-0.0765845364096	0.0192578019481	-0.00841628321099	-0.114794279781	-0.084617338617	0.0258076310169	0.0773849319142	-0.129605842549	-0.0197955251455	0.0446712148958	-0.00696053017908	-0.0792975806236	0.0760970661249	-0.0284452945151	0.024406221522	-0.055076321064	0.00987489680661	-0.040816906166	0.143497930969	0.016166667021	0.0380307338456	-0.0671578996621	-0.0126523574512	-0.0876373581762	-0.0149797868096	-0.0670787794781	0.0431737459369	-0.0390765982853	0.02287330006	0.151857497154	0.00279639926242	0.00769267745665	-0.0676759784148	0.0890265476421	0.0351539079912	0.0641281229812	0.0313533667421	0.0708540725258	0.00432227298911	-0.0264055256819	-0.0423842921245	0.0144357824739	0.00592786750072	-0.0490382495037	0.0267461510478	-0.00367233478264	0.0257157659496	-0.0174564731346	0.0749885045855	0.000255386980189	-0.0258655225999	0.0429665894236	0.0
TS13.418619	-0.228349121641	-0.0692446004536	0.0292819643412	0.0936909166516	0.0785472458631	-0.0915317969852	0.0790078151571	0.014830423181	0.110419185198	-0.00739764667631	-0.103470023591	0.139484940761	0.0114960681688	-0.0763820345116	0.0467692070095	0.0421181070541	-0.100917332234	-0.0346325577526	0.0214494389732	0.0364752273513	-0.11361612576	-0.0492687702331	0.0558296522765	0.0405627286609	0.0848508670841	-0.00881457141644	-0.0290007631819	-0.0327368088031	-0.0549942266431	0.0694321291536	0.0542145586271	0.0225424547597	0.0356382231009	-0.0363062463231	-0.0507571613374	-0.0356153938425	-0.0149823332098	-0.0178742887035	-0.026050994585	-0.0368639173696	-0.032519655148	0.118490708075	-0.0590546228191	0.118961406903	0.0466928633571	0.00448549061637	0.0249609741979	-0.0220848047823	0.00302897953005	0.0284031075484	-0.00281906373252	0.000442179325348	-0.0542009108987	0.0388877377685	-0.021418172712	-0.063345950898	0.0720360888859	-0.0304169756907	0.0418135454674	0.0
TS163.418636	-0.301361187509	0.0569895884448	-0.0279927489915	-0.0397808984975	-0.0514708055605	0.0430190562056	0.1025945157	0.0341181342445	-0.0706200931666	0.142395844217	0.0563179861751	0.030941967429	0.0302459899845	0.0883595664232	0.0671674174492	-0.0637061219117	0.0606141803312	0.116434685769	0.0840931954068	0.095911228115	-0.0723447220462	0.0370246893518	0.141057954832	0.0813314896817	-0.134722942612	-0.0736671769317	-0.0504254222447	0.0090208848248	0.0828895556066	0.0274183231789	-0.0546439039211	0.024747388579	-0.000358346471942	0.00476680656687	0.00663147806799	0.039086956751	0.0427274192703	-0.0175654220892	0.0417061728708	-0.00665348401395	-0.0773026598854	-0.0622079182951	-0.000502222045845	0.01576998047	-0.0432355269868	-0.037501261448	0.00483888165155	-0.0588981657216	-0.0130126288448	-0.0393933801432	-0.063821637775	0.0174750606433	-0.0197446848654	0.0056751252437	0.00542637535232	-0.000979345307588	0.0697774941765	-0.0401938026897	0.00909448781812	0.0
TS184.418577	-0.2850099449	0.0612133185135	0.0541012532626	-0.136378028836	-0.192087453441	0.0314123477335	-0.140595660181	0.11149082834	-0.0250225937124	-0.0521867977404	-0.0568564390838	0.119085229179	-0.0565041621324	-0.116306929732	-0.0678175217698	-0.0139460901573	0.1012656879	-0.110959790946	0.0348110042522	-0.00327804408523	0.0106264707599	0.108529810552	-0.0807741215729	0.0337927447706	0.034091822854	-0.0421368980089	0.0279815949548	0.0638739555427	0.0898562781412	-0.0101547254745	0.128714832598	0.02366026221	0.0305462255903	-0.0122988394586	-0.00422602666226	0.0821970328411	0.0682271941702	-0.0443153660275	-0.0294741192869	-0.00434698032776	-0.0658819450235	0.0178842323036	0.0586832910765	-0.0307414983323	0.0633526169553	-0.0124625084776	0.00731286503418	-0.0445664101101	-0.00672466124978	0.0342435444407	0.00292872209398	0.0262380298068	-0.0185497231783	0.00198069702115	-0.0166301182029	-0.000306243980423	0.0114144154045	0.0153555737615	-0.0157822296265	0.0
TS193.418750	-0.248985730319	-0.00103342896572	-0.0180393983582	0.0214907764025	-0.0768218440686	-0.164199287022	0.118730494474	0.0382525794453	0.000335503797807	-0.0865346350994	-0.0855344172613	0.119996382167	0.0216791740873	-0.135032528923	-0.0362332614686	-0.0614068761783	0.0868572074295	0.0563252379606	0.00646041932699	-0.0668270642908	-0.0696338670015	-0.0206673534619	-0.117779578435	-0.0513459122335	-0.159337050014	0.058478643078	-0.0530520404082	-0.111013029551	-0.0100841777804	-0.0820279204141	-0.0589780278281	-0.0356263070635	0.0734506364201	-0.0112896807905	-0.0448599274641	0.00324050868153	-0.0843013421865	0.00425665597209	-0.0252951966376	0.0432097699116	-0.0203383261723	-0.0443311185505	-0.0242375919074	0.0056440335078	-0.0374097772326	0.0230602049303	-0.0217532908983	0.0836903920817	-0.00555691816907	-0.0289695872445	0.00298933185341	0.0205492603016	0.0182441904517	-0.01902351607	0.00722032324163	0.00960378852569	-0.00729399878099	-0.00688418126305	-0.0267592974973	0.0
TS195.418848	-0.271299229464	-0.0696275350682	0.121872394565	0.0391755734617	-0.122091401802	0.0302752513322	0.0213432290052	-0.144551046524	0.00127573162302	0.103044587227	-0.0552023432637	0.0218637626946	-0.0467237419563	0.117016151722	0.0104810745021	-0.0190183175813	-0.0238585098801	-0.181992590552	0.01738684375	-0.09690965751	0.0314998751859	0.0785807932355	0.0499055048795	-0.0680387236371	-0.00707625854671	0.0530539584718	0.050727825797	-0.0268457000727	-0.0159447200214	0.0141249315957	-0.049333180023	-0.086784589089	-0.064263822884	0.0152069071963	0.0104247564566	-0.0588563799307	-0.0223159696539	-0.0771512819126	0.0392401050296	-0.0124420056957	-0.0906145736883	0.0639846375159	-0.0186920960176	-0.0870449101077	-0.0585100154783	-0.0263798237423	-0.0113839597661	0.0710773024383	0.0352836863534	-0.0141551577913	0.0316386792927	-0.0131944308287	-0.0136615712214	0.0082088416086	0.0431544076894	-0.0267062775642	0.05801270111	0.0277066978593	-0.0130436810565	0.0
TS25.418407	-0.176325267656	-0.169723858487	0.0392184460566	0.0703966639411	0.120272352108	-0.0309609460471	0.0634409687387	0.197482456434	0.0344735146473	0.0180372940818	-0.024400779484	0.0600160813843	-0.0712600360531	0.126902995699	-0.0138958628407	0.163648212398	-0.0274011301767	-0.00783778238677	-0.0289109240376	-0.0566841402604	0.0802486029978	0.0878252390469	-0.0382580276296	0.121777301575	0.0261189038491	0.0365971543689	-0.0757272909456	0.0929156475383	0.0584472252859	-0.0676406043078	-0.010117833529	-0.0208921758394	-0.0361816328429	-0.0348431982124	0.00240944219617	-0.0870644394307	-0.00642039977276	0.043681180576	-0.0852284429533	0.00434036456651	0.0252147226866	-0.086278285868	0.0124858290491	-0.0291229633161	-0.0151128041347	-0.00722160524713	-0.0271600266187	0.0274346640828	-0.0439396684154	-0.0138152831547	-0.0175314530794	0.0198401247503	0.0570913430208	-0.00435010031531	-0.02760629468	-0.0510644433041	0.0258726315021	0.0055034426814	0.0185876443829	0.0
TS4.418810	-0.320107508998	0.040934910127	0.0280842031393	-0.12179489898	-0.0885144825362	0.128744899326	-0.0531466067835	0.0379491537052	-0.00619423343401	0.00313950981749	0.0526435304882	0.147231638091	-0.0744507291866	-0.0636104374623	0.125761115227	0.0916902069084	0.0183742366871	0.0861061875589	-0.082945396423	0.0653198186238	0.139812184973	-0.135439321911	-0.0502091754847	0.039275299621	0.0278351720694	0.112958104974	0.0338535954358	-0.0177157459611	0.00415429797896	0.121234115224	-0.094155703538	-0.0443003984908	0.0324594071941	0.0837957732571	0.0501737438026	-0.0594051982517	0.0124306358219	0.0165431142194	0.0335475324502	-0.0231635569755	0.0194892725203	-0.0145327593703	-0.0430399022411	-0.00151203196478	-0.00212335345628	-0.00504012898723	0.0156746130825	0.00614370138379	0.0246747712802	-0.0189486613174	0.0204615340304	0.00277402613661	-0.0543884661252	0.000932265044682	-0.0102586746118	0.0114707802232	-0.0335088937253	-0.0035481066247	0.0048201182038	0.0
TS7.418860	-0.23656100557	-0.00845370095287	0.00551803284635	0.010132084409	0.0411914499056	-0.10325771111	-0.0536283020681	-0.00281261321492	0.0440602079939	-0.0760907061452	-0.0218625892702	-0.162589504538	0.00836220873456	-0.0674348158451	0.00536590595666	0.0180333062319	0.0740627166211	-0.0359827947457	-0.0223464607029	-0.072049243764	0.0697680642867	-0.0122719954461	0.00312706104399	-0.0577244534999	0.121308600534	0.0232641374025	-0.112283218245	-0.0766981796571	0.128561656591	-0.0431189744121	-0.0291804110433	0.0648592074017	-0.0597589117451	0.0387661536001	0.0118889722281	0.0176511814824	-0.0641979847049	0.0518510607927	0.0749997586762	-0.00062609106153	0.0035135133271	-0.0464032375679	0.0422570947142	0.0584620789931	-0.0596636096515	-0.038434692606	0.0227259750129	-0.0968792255213	0.0921055571696	-0.0342765015774	-0.00262180657945	-0.0256228436307	-0.0531942951742	0.00305834633729	0.0343796212549	-0.0214462498735	0.0473652031772	-0.000520931470344	0.00944576081623	0.0
USchp18Mom.418783	-0.289002412983	0.180739588649	-0.0566263689491	-0.0772470235273	0.0482753606446	-0.0304974149875	-0.00227727485271	-0.0542229901129	0.0564410882437	0.0440929135688	-0.00387069850626	0.0895137462799	0.018873959185	0.050160359689	-0.0298725821366	0.0531239619273	-0.0318623273049	0.0696489452111	0.0474058267667	0.0365667898846	-0.00915999331822	0.0376141160983	-0.0696807320963	-0.113357619999	0.00382895413183	0.00729374193051	-0.0137097105378	0.116975997348	-0.0212246423354	0.104520094807	0.0260721160253	0.0205990938161	-0.0360608517133	-0.0740203435629	-0.0106786347342	0.0790793764489	-0.119549686689	-0.0562001730583	0.0813080329697	0.0207448805866	0.0757073235519	-0.00936741932585	0.0516519691266	-0.0176463406519	0.00891940297026	0.0418916740601	-0.0333897435057	-0.0206003884124	0.00164029031733	-0.0607402529167	0.02185597369	-0.0953135410006	0.0849721756214	0.0685087571794	0.0219052500332	-0.0377307675721	-0.020651430177	-0.00975974117942	0.012377237634	0.0
USchp1Mom.418814	-0.216334429595	0.0924724484625	-0.0226151990131	0.000121285493642	0.0606544403425	0.029899293578	-0.0300632699015	-0.124105255586	0.0202883438968	-0.00359666202927	0.033097138177	-0.120021808617	-0.0427056978384	0.035373515075	0.0871475515284	0.023964560033	-0.00316906301105	-0.0561547501949	0.0616359008152	-0.0968349149579	-0.05475307352	0.00522684845077	-0.0296418631475	-0.0256973965845	-0.0826246760659	0.0277626085638	-0.0481400450722	0.0785429292962	0.036730420662	0.0208234485801	-0.0256194144312	0.00682820451937	0.089878725528	0.00554533168553	0.143597327123	0.0215281583727	-0.0124059846091	0.00781846349143	-0.167702333043	0.0885590506052	-0.00621775144071	0.0707745233441	0.00475328496083	0.0483044470842	-0.0160808456717	0.00393763079627	0.031287821368	-0.0204884049792	-0.0224031499783	-0.0383695288621	-0.00188122571352	0.028885924059	-0.046071991562	0.0513534064312	-0.0544462003631	0.0329464662146	-0.0564230410631	0.0342888480394	0.0466118235871	0.0
USchp25Child.418345	-0.198919039177	0.102594439937	-0.000248803897763	-0.0438956415574	0.131632249319	0.0765686070232	-0.0488759768726	-0.106000043036	0.049621571535	0.028330970069	-0.0819289955387	-0.112713413367	0.0697803720736	0.0189463631897	0.0437402639365	-0.0583563941557	-0.111932758904	-0.00450764956796	0.051887164349	0.0340888423823	0.0459695230769	0.0194034909619	-0.10671845695	0.0262382291585	0.0763279077207	-0.0203139980029	-0.016917367143	-0.021229068173	-0.0418235921175	0.0425751857057	0.00118311115713	0.00148444290268	0.122575542843	0.0187171917467	-0.0254603568186	0.0663524121395	-0.0262129858242	0.0597021230091	0.040304549182	-0.0287838721152	-0.0151913413104	-0.0760717688153	0.0372644198387	-0.0654618927089	0.0111449094295	0.00309968621463	-0.0262744752944	0.0935713104765	-0.00773039307748	0.0320864855299	-0.0412055435301	0.0850551304317	-0.0133814815965	-0.0367932451904	-0.0838643765751	-0.000407303044607	0.0786513913433	-0.0273100342235	-0.041610950967	0.0
USchp25Mom.418780	-0.232088975291	0.061178095309	-0.0323491163958	-0.0314693098286	0.0828238061723	0.142541050583	-0.0288994526575	0.0565180343856	0.0426413897322	-0.114387104675	0.034136050477	-0.0361448793882	0.00694195144807	0.0605658805375	-0.0263749236414	-0.102073848648	0.0790176454553	-0.00745097135627	0.0936831418212	0.0354899195241	-0.0161067531227	-0.0424793811626	0.05418101095	0.00242021492926	0.0731831029013	0.00607470056309	0.126843122738	-0.0639864341229	0.0118706589931	-0.049019394569	-0.0688903275208	-0.128200755693	0.0515398239032	0.0265822221634	-0.0787852862878	-0.0196958392122	-0.0101298046492	0.0572268733295	-0.0347787485469	0.0518643004009	-0.0128177481518	0.060448065288	0.0280805461738	0.0232034288118	0.00184339900846	-0.016226605413	-0.0382796834221	-0.0718425648373	-0.0163475197215	-0.00646350177464	0.0538325836417	0.0253945826574	0.126638663147	-0.0130201434713	0.0143718289956	-0.0667716897564	-0.0160131050039	-0.0162592554008	0.0339178157286	0.0
USchp33ChildB.418578	-0.329720791254	0.08712786441	0.0185752908042	-0.0326847932356	0.0215889406408	-0.0431035492734	0.0595025535846	-0.0333465710029	0.10492782011	0.0958504841618	-0.0302623513931	0.0792830915352	0.0623322484449	0.044250454488	0.0229369314707	-0.0459529380393	-0.0664506497805	0.00557442127581	0.0367741781435	-0.0248506550616	-0.0311628872706	-0.00923938933511	0.0633597024282	-0.0480406395519	0.0989874917571	-0.030059132955	-0.0776300686939	-0.0315974721439	0.0372120250419	-0.0167800485986	0.00564103820556	0.00630576032788	-0.0420611114261	0.017054375732	-0.00958268158482	-0.0292786478479	0.0543384514175	-0.0407095282555	-0.00470996848553	0.00495994816856	-0.0194765679306	-0.061087683078	-0.019443392089	0.0185944049719	0.0168770579156	0.0154507436095	0.000657658791394	-0.0133901692419	0.014904215203	0.0948414052112	-0.0281502331274	-0.00633934544463	0.0264428327157	-0.121653022172	-0.00745171837079	0.042920323104	-0.15839275398	0.0763817965326	-0.0157818440144	0.0
USchp36Mom.418718	-0.195387184989	-0.162106046873	0.0738714204327	0.100852559546	0.0513275832348	0.0100082273078	0.191716433356	0.186158872497	-0.0110626170411	0.0194129605419	0.00485457512356	-0.0442387961944	-0.0130381891493	0.070741164596	0.00469481903688	-0.0930979151793	0.0320455772494	0.0682495656496	-0.0200241940236	-0.0259255195427	0.0100097465187	-0.0344096827126	-0.0710118739515	-0.115383654592	0.0235118199317	-0.0718452705906	0.0839350667793	0.000144926484852	-0.105740221064	-0.007073628487	0.0697627800066	-0.0335468694622	0.00967669716167	0.047806595627	0.109175120498	0.0103402418493	-0.010758073009	-0.00857249248821	0.0229011767755	0.0720710278482	0.0126953369667	-0.0267445066542	0.0175178676161	-0.0791767835804	0.0335849986923	0.0227197616857	0.07879661187	-0.0689649957792	-0.0102123834939	0.0594230852754	0.0190622960983	-0.0291919270645	-0.081615215305	0.0151318275156	-0.0023971118208	0.000131178408171	0.0169606852801	-0.00999329056348	-0.00815941154141	0.0
USchp3Child.418614	-0.277701717494	-0.0299145730433	0.0461805298341	-0.104465988633	-0.0501505593775	0.105934689362	0.00287072357578	-0.019594362849	-0.0325362634264	0.155272398314	-0.00639891138353	-0.121702817368	-0.0512373997282	0.0376778109744	0.0394605374895	-0.0335949376054	0.0128470252022	0.0482674301507	-0.0829915569374	-0.0335708842552	-0.00374783413234	-0.00199710923602	0.00673957199035	0.0548726259573	-0.0276464919735	0.0620048033969	0.0342523224131	-0.077854293541	-0.0439781421677	-0.124807935432	0.104233415812	0.147285128405	0.0440630960013	-0.0408294535512	-0.0374832542171	0.0365714313617	-0.00660498078066	-0.00797315960433	-0.0428219442765	-0.10506702252	0.0411985528951	-0.0187370008868	-0.0666780526552	0.0407441426228	-0.0182898489185	0.0103745783845	0.00915236879806	0.0139166323506	-0.00476657075583	0.0169732206933	0.120917349659	-0.0534920194624	0.0328395823183	0.0228962497173	-0.00844166777463	-0.0321730758727	-0.0175640398584	-0.00530447713534	-0.000892510965334	0.0
USchp3Mom.418727	-0.230252631992	-0.132004844963	-0.00358031522838	-0.0252802239402	0.0449775311115	0.0901250115425	-0.0542510109389	0.110297148254	0.0581302101878	-0.16101381212	0.0437361856052	-0.0697819590332	-0.00758617702206	0.0284009782095	-0.0324625224245	0.127799161675	-0.0840600167058	0.0211347391212	-0.0749523398687	0.0160420260397	-0.035523942064	-0.0658761373432	-0.0145305169557	-0.11122570509	-0.104707778075	-0.0590252896158	-0.0216715469755	-0.0730580948691	0.00473217866248	0.0482794797706	0.0420833365731	0.097088658378	-0.0165527818048	0.00470249538195	0.0420496826516	0.00980511559173	0.0744879677934	-0.0323876879803	0.0566173360241	-0.0124788174831	-0.0460456494712	0.0965783450414	0.00233936358628	-0.00526541327001	-0.0713241948646	-0.0720901504952	-0.0357367513569	0.0383244442302	-0.040935520185	0.0262676150454	-0.0457079084114	0.0152047892327	0.0905535067285	-0.0114299036864	0.0077545302701	0.0325248701806	0.0141551411011	0.0240414162012	-0.0267288381972	0.0
USchp4Mom.418666	-0.248571223322	0.148910099948	-0.108911860949	-0.106410788068	-0.00121690963963	-0.00298494950878	-0.165062324124	0.0278839883554	-0.0286718031	-0.0887636953227	0.0697833619147	0.0194828118278	-0.00240090597745	0.100799660045	-0.0988300289498	0.0949580829039	0.00654518711215	0.0224207422423	0.0150564497789	-0.0114616098863	-0.0200495502711	0.0809932506044	0.0750451725612	-0.0239114216121	-0.0198095082568	-0.132054609926	-0.00928037454605	-0.0872971987397	-0.0768860610851	-0.0495773071324	0.00156377447051	-0.0948784186404	-0.0668605939713	-0.0201861274369	0.00274685786381	-0.0367087011438	-0.0861586530443	0.0464140830755	-0.056106666132	-0.0862751540228	0.0577101760299	-0.000440923785936	-0.0670632613573	-0.001749841106	0.0361208142271	0.0392297377458	0.029747595202	0.0223469538017	0.0356587737614	0.013999295528	-0.0199573734383	0.00710247904303	-0.0808465146833	0.0214013417058	-0.00870007527354	0.0657164785799	0.00165110193599	-0.0405643027274	-0.0189388813248	0.0
h101M.1.418586	0.133789878041	-0.00761857128104	0.08553866232	0.100278429761	0.0660161815163	0.0311960589745	-0.134029686188	-0.0058133097827	0.0629127937998	-0.013095808102	-0.0965788081032	-0.00501768829176	-0.141694778221	-0.0844652733366	0.107505493276	-0.0390381518321	0.134769390111	0.0744587600078	0.15583497324	0.031573173992	-0.0383040737806	0.0389991506901	0.0616189319186	-0.036909189043	0.0154654368718	0.0565074356712	-0.00860245520659	-0.037352921373	-0.0350083224098	-0.00933612992549	-0.00590766146195	0.0680260480558	-0.0611381773309	-0.127578023187	0.0640930379601	-0.100923941506	0.0540420268678	0.0191102874848	0.0616253011527	0.00314860182759	0.0311948394664	-0.00693213594144	0.00470300405534	-0.066965159749	0.0332195440194	0.0203500446254	0.0810441796193	0.0433754489404	0.00469833046463	-0.0124811962656	-0.00905479738857	0.0285219401937	0.0531830352589	0.0158869623735	-0.0240334108172	0.0382205023589	-0.00132542482181	-0.0148513795069	0.0055977347854	0.0
h10M.1.418706	0.13546350236	-0.0194593458242	0.0864791550158	0.0676517361718	0.0652263509528	0.0778119218172	-0.0570829459494	0.0236453302516	-0.0573367962772	0.0184305229595	0.0697185989637	0.114681840953	0.163874097115	-0.0300183215196	-0.0745154396634	-0.0327841874197	0.0620161023795	0.0411910559891	0.0102538882239	-0.123608090505	0.0163081287531	0.0330501940341	0.0473539471406	-0.0167949343442	0.0927057709209	0.101880208469	-0.00582810317047	-0.0139862942349	-0.14547136853	0.0168086865362	0.0789007043361	-0.0177655897597	0.0209756694798	-0.0324895954664	0.0287498035937	0.028804709183	0.0290252804701	0.0322822065771	0.00738924125657	-0.0636426687736	-0.0575660809952	-0.0322338278861	0.0193621866181	0.0347536301953	-0.10925386121	-0.0322298554039	-0.0660108228808	-0.0322028199905	-0.0607294479153	-0.0769971218937	-0.0484307304838	0.013447409115	-0.0302615876313	0.044515967716	-0.0145006814785	0.0357649138255	-0.0264754385395	0.0320773148878	0.0130459053363	0.0
h122M.1.418534	0.204742079966	0.0225583123826	0.0814826959006	-0.073375630357	-0.0712734792048	0.0536489385517	-0.0415286031611	0.0203032965762	0.179395605538	0.103115858966	0.0583434167568	-0.0195365636196	0.0682669227545	-0.0309233184388	-0.0874787090975	0.0459172597125	-0.0625565555198	0.0339035417403	-0.0548396169963	-0.0259336318068	-0.0724462582721	-0.0470341851315	0.0354201541876	-0.0364634729531	0.0063388034384	0.0170914149364	0.0253203580067	0.0273686140053	0.0343420351613	-0.0299070284947	-0.00540487935074	0.00425226358571	0.0204259297975	0.00116745760386	-0.0537509323761	-0.0551391054009	-0.00622206049144	-0.0914097080255	-0.00980803767757	0.057470952293	0.0542188318586	-0.0591884943437	0.0457560914946	-0.00260196502071	-0.0348618252035	0.0313062891217	0.0675481963875	-0.00866524857214	0.00921743960441	0.00986566488833	0.0150108702704	0.178240235134	-0.0180376773961	0.0859960265939	0.0747119127119	-0.0163591509836	0.0039668509099	-0.0159392495002	-0.0251249846998	0.0
h146M.1.418838	0.223225095977	-0.0410670380476	0.0767753545892	0.0300809719042	0.0603463434731	-0.0876567850981	-0.0481108958438	0.0324578131968	-0.015980757977	-0.0444879124566	0.0315471223648	0.0162685801591	-0.0236759775892	0.119461620736	0.10472358836	-0.0140705398793	0.101941432989	-0.0697409627566	0.0109817307493	0.0377908768759	0.0895943431722	0.0425460081754	-0.0574055392334	0.0228040104841	-0.0274154991764	-0.0498475447542	0.0429569354253	-0.0984721777387	-0.00792827309672	0.0642020786601	-0.0607002810486	4.6287541602e-06	-0.0258419135467	-0.0639232698492	0.00824287716882	0.136284522414	0.0353432537762	-0.0747280834845	0.0174512550751	-0.0127010431017	0.0582765800717	-0.0153089934438	-0.00480830088688	0.111391039459	-0.0428117099392	0.0887645586155	-0.00738093702628	0.0442654791427	-0.034341191596	0.0529583313684	-0.0191805684094	0.0583277736025	-0.0381784742752	0.000734897888815	0.0466737040598	-0.0803716408523	-0.0279181542841	0.0438489755788	0.0147373689199	0.0
h147M.1.418531	0.195209686491	0.0677145772744	-0.0328417614695	-0.0910511959549	0.0784030649164	0.0815317045915	0.103056639949	-0.0335785302438	-0.0758995149749	0.00681476082838	0.115542798577	0.0363997192472	0.0652732214182	0.0233414779409	-0.0820934274648	0.021239516125	0.0954566435042	-0.0961756326418	-0.050404556334	-0.0251671705393	-0.0798212026525	-0.0163105913933	-0.0141025252658	-0.00864218605288	0.0444585342951	0.0477877481285	-0.0285643781205	-0.0996454459584	0.0675851780537	0.0392958110357	0.00294536102521	0.0537209350357	0.0614466353704	0.00869520611269	0.0226116590923	-0.0230182874279	0.0295316381491	-0.00664583906774	0.00377444803452	0.0339063603513	0.0458500993191	-0.0313004649045	-0.108406362123	-0.0727761262622	0.113149182533	0.0502686652257	0.0122992953154	0.0117848576879	0.031866113538	-0.00713571155197	-0.0721958107371	-0.0299696170052	0.0456730858494	0.02493626609	0.00570736879109	-0.00785322242037	0.0746261549713	0.0866691452934	0.0486892047526	0.0
h165M.1.418394	0.0219563695717	0.123903009455	0.0907362246292	0.152134873047	0.174584863481	-0.0436520376956	-0.149045727643	-0.000981669648287	0.0744928224464	-0.0450561814055	0.0531165668571	-0.0109328125349	-0.0378684343249	0.00680957486242	0.0712791254036	-0.00118054095036	0.0310125094553	0.0181296343504	-0.033493125806	-0.00850964523045	-0.0711795998975	-0.0557155388486	-0.0386038583387	0.0554334139313	-0.0292118892377	-0.0254723966639	-0.0446125293878	0.11838429436	-0.0102333773055	-0.0867328912564	0.0003881741629	-0.0959627301232	0.0801260584522	0.0827145597892	-0.0841991694996	0.0409917532597	0.0934598422446	-0.0587035916359	0.0251585355738	-0.0614985086673	-0.0349791614446	-0.0144710271979	-0.0511727052987	-0.0356411335385	-0.00783492724434	0.0130804651103	0.0478691635216	0.00783095967653	0.0305841139814	-0.0224745455285	-8.53769236063e-05	-0.0945461290979	-0.00383196141773	0.026077786025	0.0707130470956	0.0133777518847	0.0113894224599	0.0344798773118	-0.0520928886179	0.0
h186M.1.418788	0.228526548174	-0.003919751659	0.0517029032608	0.0611829308503	-0.0342513127239	-0.0417933830517	-0.00954364294988	-0.0610872208819	0.0153364944476	-0.0116150750956	0.0166410736404	0.0395189854951	-0.00299043175101	0.103074305959	0.0512247956756	0.0254611095379	0.060689749762	-0.0826619621471	-0.164837991088	0.137992177276	0.0363209952685	0.0222262681688	0.0831754631909	-0.0396908164767	-0.0660254249207	0.0363382841195	-0.149175088984	-0.0490182015253	-0.040125086002	0.0312849625167	0.090555313977	-0.0490404228906	0.0236333886789	-0.000545642687416	-0.044790556501	0.026666115336	-0.0350324027253	0.101613660785	0.0268093960628	0.0730098641837	-0.0794752236136	-0.018805102274	0.0377746831824	-0.00913525903495	0.0604322866431	-0.0217611262056	0.0345837086198	-0.0367426117742	0.000724790098643	0.0074798653508	0.0669439460782	0.0305772027732	0.0317993302027	0.0469263888835	-0.0597938263667	-0.00635975320305	-0.0418466481968	-0.00421711936174	-0.0465652490305	0.0
h208M.1.418731	0.150943003881	0.00425555093801	0.0372367890933	0.0448206780708	-0.0822549763097	0.154182213451	-0.0131594114782	0.100139658813	0.0442545521263	0.129962661134	-0.0928316874254	-0.116684445947	0.0499140533582	-0.188102715555	0.00852502358285	0.0119966462017	0.0175910373889	-0.00203604302643	-0.0903732024958	0.0123009895315	-0.0225155659919	0.0884033160322	0.03469090382	-0.0244588833634	-0.00868904822058	-0.058636361397	-0.0674693911683	-0.0207349846048	-0.0609882472183	0.0539456413438	-0.0816334218109	-0.10089586795	-0.0248284558865	-0.000333095857713	0.0304157993708	0.0653170208327	-0.00703086813626	-0.00933886958413	-0.081756147588	-0.00852338009694	0.0711823210296	0.0116001252478	-0.0125062627511	-0.00299639404962	0.0282113680249	-0.0846021325996	0.0131448763159	0.0222450177997	0.0127845738416	-0.0167036261844	-0.0690094140048	-0.0586440652194	0.028853328344	-0.0251913339395	0.00142877984246	-0.0915414410153	-0.0258647288964	-0.000788411171532	-0.0159393360765	0.0
h235M.1.418489	0.230216526164	-0.0371468427048	0.18287933505	-0.118758602715	-0.00339222735266	-0.0714722674324	0.0309574376953	-0.0622855801168	0.0214139823159	-0.00330559345711	-0.0499323135953	0.0400874420168	-0.126874469821	0.0233809974304	-0.0593538520034	-0.0267858784086	-0.0714751031861	0.131813746544	0.0191831222274	-0.0220289273272	0.0169110814514	-0.0150574151449	0.0423488701999	0.120840700409	-0.0199730533159	-0.0455369196064	-0.0216698303192	-0.0579819042534	-0.0256266700434	-0.0278236627021	0.0226798234989	-0.0149775879152	0.0284896053826	0.00858951101921	0.0532508400209	0.0159322941461	-0.0081686451849	0.00838034627627	0.0086020266612	0.0288851209896	0.0822481277996	0.105547024592	0.0453756245404	-0.0391021984823	-0.0031079178976	0.0231884960342	-0.0826497359643	-0.0762907485272	0.0715372022235	-0.0686580557744	-0.0117114601211	0.0169030652068	-0.0109319863893	-0.0306770292979	-0.0243753134183	-0.0215392894897	0.0210356086225	0.0965698524136	-0.0792003193639	0.0
h257M.1.418454	-0.0663482973521	0.274034811125	0.0463093625034	0.0290213291701	0.149102109568	-0.118378513631	0.0077085459155	0.0565776983847	-0.140364335955	0.124108569785	0.000644947533341	-0.0373607920997	0.0568921977454	-0.150963114493	-0.0488566350781	0.00493339117415	-0.12592638747	-0.0661390461043	-0.00148353902579	0.141909290776	0.127850104632	0.046743996937	0.01042797885	-0.0123991576243	-0.0612919914167	0.0110632323896	0.0436610538484	-0.0691326596308	0.0506254401182	-0.0349377728555	0.0689250094801	-0.0634992615737	0.0153823529084	-0.0150121701529	0.0608409549278	-0.0818512188092	0.0753710062729	0.0017139651965	-0.00632229556668	0.0379898204585	0.00880396365981	0.0266820360502	0.0175665223242	0.0142667101426	-0.0682570100181	0.0627630666159	-0.00360581056234	-0.0032049963767	0.00909658254265	0.0113273964381	0.0157731876672	-0.0258487403651	0.0256573436972	0.0268150826532	0.0198716329748	0.0246000815651	0.00824982464191	-0.014234507814	0.013193428526	0.0
h264M.1.418377	0.204540709923	-0.0700590539139	0.0372749352464	-0.183685290557	0.0525655123843	-0.157525047484	-0.0503907073423	0.141764812342	-0.0978718460426	0.0292723252925	-0.04949122748	-0.011824601449	0.0305371014769	0.0536956613465	0.0171237301306	-0.103438298234	0.00627897753558	-0.0289653937915	-0.042593893944	-0.132598949435	-0.0592658998885	-0.0578887552222	0.0388332892439	-0.0492532218492	0.00063782423278	-0.0472517105961	0.0166464167671	0.0604526621868	0.0516068572166	0.143830979728	-0.0632424632693	0.0107975005318	0.0451083158501	-0.0645322763904	-0.0530577691205	-0.0424936927052	0.0816458899603	0.0632663973087	-0.0236622883279	-0.0209369669689	0.0119010748426	0.00171127148008	0.00865745519736	-0.0241578045289	-0.0347583355171	-0.0174112929465	-0.0351933155333	0.0378821862526	0.0965306641406	0.0241583941788	0.0455142174608	-0.0291688596754	0.000595775940119	0.0437323999631	-0.0491979263427	0.00215731623603	-0.0273539331795	-0.0543468371635	-0.0189183683266	0.0
h273M.1.418507	0.229514802026	-0.011127651771	0.133032271716	-0.116049552302	-0.0693595460353	-0.132433578927	-0.0169658470591	-0.0224656469258	0.145326118285	0.0733322377744	0.00806287442058	0.0230420700025	-0.0838327085827	-0.00239897676353	0.028572325191	-0.0630419501091	-0.000330604594726	0.0128753581685	-0.0272602184562	0.00254116750249	0.00529234554463	-0.0351347846662	0.0188199140058	0.0104116322543	0.0119134220732	-0.0270027777328	0.0785508941109	0.00463830113001	0.0695815518116	-0.0394517274239	0.0755384122159	-0.0500070174723	-0.0339745679728	0.0859493180772	-0.0121629525844	0.0593317581585	-0.0736249998115	0.102277854769	0.0245337492068	0.00797790875392	0.0324383621685	0.0163655319872	-0.029032577147	-0.00324185896622	-0.0477448078038	-0.0573408415616	0.0158381082846	0.0645096749615	-0.0817010664269	0.0433281894618	-0.0911408638138	-0.039625695422	0.0288011494814	0.0437023474364	-0.0149275659076	0.0591223646797	0.0075795714091	-0.000254943800812	0.108150257709	0.0
h279M.1.418530	0.219638267524	0.135042950291	0.208006245054	0.051368605147	0.0297001418546	0.053277662228	0.10428004774	0.00910210609492	-0.0773831720117	-0.0234201001192	0.0552304312886	0.0166192961336	-0.0263594291288	0.0577006587095	0.00625417382707	0.00653195714036	0.00311070126046	-0.0203545276615	-0.0302814082985	-0.0900568989691	0.0148565681834	0.0167659671594	-0.034175661449	0.0471971937987	0.0285619991973	0.00554171818327	-0.0333539463007	0.00137565100336	0.0362961438015	-0.000876701988742	0.042560324169	-0.0250198650884	0.0598775810139	-0.0255274878326	0.0536353907586	0.0174925159587	-0.0629195728397	-0.093379862522	0.0523115816044	-0.0246512135607	0.0238781289662	0.0520488935615	0.0110584485842	0.0663288847377	0.0615414768739	-0.0665843776766	0.020888347548	0.0174623341523	0.047730225489	-0.0260295727356	-0.00415138927042	0.0354814069017	0.0499588867052	-0.0929001527136	0.0418658547619	0.0768643354189	-0.0225958382016	-0.145104653282	0.0161594907697	0.0
h305M.1.418771	0.166623450454	-0.188186818559	0.128441909451	-0.201113062433	0.098247697966	-0.0448843010717	-0.0710544023693	-0.104821607288	-0.0347758882297	-0.075119702445	0.066233008853	-0.0544477888449	-0.0552636789562	-0.0640293069292	-0.0466591685831	-0.0717950162555	-0.0369806835284	0.0488039375114	0.010921591352	0.0684147112255	-0.0774026210653	0.113699485981	-0.0762715833637	0.0166410434736	0.000534642373868	0.0411414412917	-0.0425483847099	0.015331025043	-0.0373150276879	0.0596563262519	-0.0312938362659	-0.0337081772415	-0.0555849278421	0.0380401518589	0.0495550772054	-0.0818977808796	-0.0304613090746	-0.0731845547003	-0.023157955334	0.0261834052594	-0.0568250394156	-0.0917802593483	-0.0672679500609	0.0521053234508	0.014834638792	-0.0506096151192	-0.0521731575391	-0.0527761994554	-0.0673760620715	0.0739749465576	0.0553650323309	-0.0272887997575	0.00285556352441	-0.00502161985192	0.0218222262241	-0.00335057772541	0.0246527247417	-0.0186203549328	-0.0115533774075	0.0
h37M.1.418863	0.193349059693	-0.0324326474565	0.0753827035056	0.0376785640022	-0.00786292259268	0.119231780252	-0.00471277485801	0.0389942016006	0.0677121441959	0.0456441243715	0.0808879030928	-0.00913135372408	0.102850756819	-0.00403119878333	-0.051324862152	0.0489094741316	0.0857588452492	0.0549381940432	0.0207782679485	0.0355149278415	0.0331308098572	-0.0228751767674	-6.23815994836e-05	0.0298635554307	-0.00286052909645	0.0255648546932	-0.00481740796611	0.017733662908	0.0385483848962	-0.0243950371821	-0.0820176246926	0.00351571025985	-0.0193500938574	-0.0621016329743	-0.0683832148927	-0.00559037608555	-0.0651503150472	-0.0640004984901	-0.0255736117097	0.0559719409111	-0.0298029488053	0.0650312657645	0.0995323382394	0.0490885003739	-0.022771014411	0.0398797014605	0.00132678663566	0.0460693547375	0.0194489492683	0.0955408201256	0.0440571180692	-0.102269508688	-0.0398759179772	-0.031145918319	-0.102536558054	0.0869928326298	0.0668963585241	0.0380050559465	-0.0088072577981	0.0
h60M.1.418694	0.100188225589	0.0123472738914	0.155182868748	0.162810007027	0.0122039172954	-0.00105331188597	-0.0901047786755	-0.0116756247037	-0.0435663948839	0.0144769975571	0.00806713174759	0.0431147201239	0.0704841159828	0.062682830541	-0.150832214624	-0.0762696955751	-0.0468943829397	0.0328225339904	0.146566356081	0.038724852871	0.103747647141	-0.0796913409749	-0.0676283527073	-0.0302501532322	-0.0776484618691	0.00638450402359	-0.0156986999465	-0.0199265007912	0.0569030936962	0.0818082941102	0.0179753316605	0.0981237760775	-0.075558794186	0.0672415102531	-0.080101324144	0.000599980874602	-0.0209843587725	0.0263628109327	-0.108197666183	-0.0281519211853	0.0225512101005	0.0130760346828	-0.0528626365748	-0.0319849107204	0.0336665358766	-0.0826356042416	0.0798885830785	0.00146110638084	-0.00993138028804	-0.0441888613449	0.0259164326226	0.00557258873911	-0.0209261337333	-0.0272920552838	0.00380914461649	-0.0403279807589	-0.0143564048443	0.00658952972273	-0.00105520278064	0.0
h68M.1.418773	0.204482653243	0.00105605572569	0.0305210965927	0.0174648487231	0.00937305828882	0.121141342756	0.0387008536886	-0.112150473408	0.0282971383931	-0.0905254811374	-0.195058328292	0.0632164475876	-0.0253401452657	0.00108977415192	-0.0183781040877	0.0152291913067	0.0327043258124	-0.0773199090197	-0.014474470396	0.0665878167639	0.0855086282066	-0.140074901883	0.0706223831412	-0.0585485983947	-0.0392295124426	-0.0901595111216	-0.0260052295358	0.0314006893	0.00431514179311	-0.0477678124961	-0.0179753161854	0.0292707182931	0.075058893967	-0.0744902561323	0.0243308346955	-0.0200379158636	-0.0159639127313	-0.0375783534434	-0.0759731534259	-0.0496615545638	0.0259205261526	-0.0877332077437	0.00663682843497	-0.0596519899992	-0.0295889974434	-0.0120279292866	-0.1038913094	-0.0616603383797	-0.0207625280454	0.0455121673042	-0.00486875497413	-0.0326875419384	-0.0370283336626	0.00743105778214	0.0578920982867	0.026660316479	0.00874784770514	-0.0292678720316	0.049175264762	0.0
h78M.1.418725	0.162132831845	0.246841557489	0.0858285448795	-0.0351702537171	-0.033432772261	-0.0092540515575	0.103559325146	-0.017668392447	-0.025750725345	-0.132739015774	-0.0665602857072	0.0213737248964	0.143663806174	0.0284643087659	0.0653564068484	0.0548320314711	-0.0378901640065	-0.00570940855016	-0.0117154821535	0.0440222771229	-0.0239447325163	0.0189910392777	-0.0412660346555	0.0109608641791	0.00526370886395	-0.0239180253259	0.146106884362	0.0695170475328	0.00444473750735	-0.128846379427	-0.0608491032366	0.038034175557	-0.0582189145634	-0.0581261801198	0.0531407351608	-0.0164416797212	0.00634065174444	0.0212608792476	0.0583947739155	0.0149369005879	-0.0172569745851	-0.0298489119513	-0.0690250682251	0.0438479483048	0.0177109570108	-0.132141906081	0.0209713551079	0.00851364271452	0.032281856787	-0.00995543445974	0.0084018549093	0.00817769841342	-0.0172149857594	0.0518644332085	-0.0641960019194	-0.036637292058	-0.0183385472272	0.0501492570052	-0.0417291858674	0.0
h85M.1.418596	0.178236167914	-0.0809543810168	-0.0444383564988	0.00483231118308	-0.0542975560494	0.0358900293476	-0.0392489150579	-0.086046208992	0.0240414437898	-0.0345551223906	-0.104104260282	0.0697508378043	0.1863437607	0.019249662119	0.0346930171909	0.0542950352825	0.051207505565	-0.0125801487131	0.0211098779755	-0.0552272145405	-0.0698730407271	0.0351957348762	-0.00446049494129	0.0497790957305	-0.0820777446488	-0.0375366262685	0.0352960125962	0.0262550927055	0.0185033481392	0.0398204706492	0.0560414700388	0.00386384681371	0.00843150701198	0.146061902903	0.120666738599	-0.0728096071124	0.00131985601433	0.0832370280481	0.0265055341789	-0.0729340355316	0.047206997185	-0.0150477432704	0.082190944492	0.0489178030202	-0.0293644662525	0.080925551471	0.0579707639207	-0.000614959016838	9.63457559167e-05	0.029716863111	0.0517190186959	-0.0297485691335	0.056273984206	-0.05708550153	0.0244797329225	-0.0362485288898	0.0267822698561	-0.00615532862354	-0.00711514935456	0.0
h95M.1.418831	0.215847944944	-0.017104602606	0.0556319401632	-0.143005242848	-0.0389041259435	0.0567326225425	0.0282514386458	0.0718074342948	0.0798226398817	-0.0788286653127	-0.0867679827112	-0.0613690733647	0.107426820344	0.0357939271891	0.0714239042592	0.00756015117749	-0.0354396701565	0.0365693685969	-0.00424281656183	0.0275646472141	0.0524708878262	0.135577516061	-0.0235368742201	0.0158407810459	0.0205098616312	-0.0279563762813	-0.0342334464236	-0.00689080723033	-0.0337752082649	-0.0252141142233	-0.0202241274065	0.0927750392521	0.00699065673598	0.0525743945	-0.087211719488	-0.0382672111669	0.0332017533771	0.0118601799066	0.0117636796909	0.0859667709688	-0.0769581642703	0.0692368569367	-0.0434217278376	-0.0521132946999	0.0108438960205	0.101733352065	-0.0178638536341	0.0176393795965	-0.0207912240841	-0.104759140127	-0.00237433344587	-0.0374819875977	-0.063250046171	-0.0172500569867	0.0558525936819	0.0139843682893	-0.0512891921846	-0.044593864384	0.0618905632964	0.0
h9M.1.418588	0.139833026208	0.208563234779	0.11773389406	0.0119951661711	0.0243954608166	-0.0332952536864	0.0499845823549	0.0460119738678	-0.197895779961	0.00947767163241	-0.0984664127592	-0.109490974745	-0.0931359684052	-0.0420845854222	0.0632187165087	0.16273893312	0.0184665922161	0.0186614500766	0.0104313961863	-0.0544555774342	-0.0942739330144	-0.0716815446217	0.0703937201057	-0.0655730545774	0.0186346667311	0.0230231032228	0.0681071834672	-0.00209768224175	0.00938092608853	0.0430448792401	0.00607115841856	0.00307845234589	-0.0777037266193	0.0975057707956	-0.089390694556	0.0174859955893	-0.0578362733016	-0.0273049250872	-0.0239012521595	-0.0402619104488	-0.0531867646181	-0.034372520162	0.0496650546303	-0.00597123166514	0.0465311950361	0.0681040060833	-0.040357945901	-0.0129775593976	-0.0951303587161	-0.0208906106415	0.000384033615064	0.0304620325689	-0.00734618772935	-0.0278268198483	-0.0290490447204	0.0031852214072	0.00291468673496	0.0250750746275	-0.0159010471176	0.0
k278A.2.418424	0.077487403789	0.249292361107	-0.081957516142	0.00546708759047	0.0364038991935	0.001085332011	0.0795432273983	-0.0367636230003	-0.00289845917559	-0.0999576998982	0.120530422194	0.0833391843423	-0.088440472422	-0.0549744571335	0.038029928099	-0.000565795107088	-0.0413854611941	0.0141707222587	-0.0408224010058	-0.0554905774241	1.73498328502e-05	0.114954682615	0.0743488664745	-0.0262233521248	-0.0373024115118	0.101845157475	0.0187832446824	0.0615996374946	-0.0809543432389	0.0158957263481	-0.0205172167047	0.0904266242727	-0.0141446720155	0.00714008680293	-0.0646695117827	0.0540555768337	0.0280212330601	0.0785166064353	-0.0474506784578	0.0363537934559	0.051041254578	0.0239263683322	0.0218323381288	-0.0665671063644	-0.0753722845388	-0.0317846025209	0.030762188826	-0.0256396633422	0.0268435828022	0.11126921725	0.00112774075896	0.00806085095899	-0.0280688288582	-0.0854246488252	0.0466629301821	-0.0355124034505	0.0412192428245	-0.0160632063385	0.0117801132341	0.0

Biplot	0	0

Site constraints	0	0
