Eigvals	60
1.52060295537	0.8926952187	0.393071013498	0.267632688715	0.199674289004	0.149602490781	0.113702514067	0.107005200045	0.101993836119	0.0858751171656	0.0677665394106	0.0656550725592	0.0601415985909	0.0577275479274	0.0516649159585	0.0459408708497	0.0441543083889	0.0427345379784	0.0389824807238	0.0345700411568	0.0309807083024	0.0286775917898	0.0279442230926	0.0261438433005	0.0255390222739	0.0224510215573	0.0209782617411	0.0180522145157	0.016474383144	0.0148642549807	0.014501283436	0.0131040808992	0.0126497460416	0.0103702056843	0.0102454552929	0.00879146885604	0.0085077354729	0.0074499205598	0.00623415398727	0.00469317517049	0.00423925622451	0.00311633600709	0.00206616845326	0.0	0.0	0.0	0.0	0.0	0.0	0.0	0.0	0.0	0.0	0.0	0.0	0.0	0.0	0.0	0.0	0.0

Proportion explained	60
0.324966006933	0.190776691315	0.0840026762058	0.0571954209804	0.0426721230258	0.0319713465535	0.0242992109439	0.0228679369962	0.0217969651699	0.0183522554797	0.0144822957486	0.0140310570153	0.0128527799289	0.0123368764172	0.0110412395151	0.00981796155421	0.00943615770005	0.00913274048029	0.00833089338438	0.00738791687504	0.00662084539124	0.00612864946729	0.00597192223203	0.00558716549461	0.00545791000866	0.00479797753994	0.00448323602577	0.00385791441923	0.00352071820463	0.00317661988623	0.00309904972693	0.00280045545702	0.00270336016732	0.00221620267172	0.0021895424338	0.0018788129532	0.00181817667453	0.001592112476	0.00133229264135	0.00100297213655	0.000905965730752	0.000665987965438	0.000441558073747	0.0	0.0	0.0	0.0	0.0	0.0	0.0	0.0	0.0	0.0	0.0	0.0	0.0	0.0	0.0	0.0	0.0

Species	0	0

Site	60	60
Amz22chld.418485	-0.15921403703	-0.126930299789	0.0468579789093	-0.0784492282732	0.103253859571	0.040426952689	-0.00753061053129	0.0537943571275	-0.00391879621401	0.0319809452946	-0.0197841105042	0.0380891939993	-0.0288571518585	0.0481043742491	-0.000616184821156	-0.0401911032188	0.0703660371889	-0.00607623381705	-0.00376991096926	-0.00568703312563	-0.0252581459409	0.0241151180021	0.00208526241587	0.0116006035852	-0.011104975991	-0.0276355063119	-0.0146642925484	0.0237260145561	0.00328885234824	0.0026871054058	0.0021204439685	-0.00559261279753	-0.0139776085458	-0.00693823352176	-0.0131417367858	-0.00339848311793	-0.0123059964398	0.00786679097422	0.00605180758068	0.00313942823154	0.00238709547971	0.00748590071434	0.0057628326926	-0.0	0.0	0.0	0.0	0.0	0.0	0.0	0.0	0.0	0.0	0.0	0.0	0.0	0.0	0.0	0.0	0.0
Amz25chld.418466	-0.0211769950848	-0.0834895822605	0.0675079166578	0.00340098484757	0.0213973453071	0.033258235128	0.0555608420929	0.0132355571764	-0.00940497937311	0.0293523238036	0.0371769604403	-0.0173267139658	-0.0120912847692	0.0173547199435	-0.011092622478	-0.00650412643962	0.0341718590373	-0.00940450144479	0.0189326717901	-0.0312244371638	-0.0329491626466	-0.0122722222663	-0.0146459701183	0.025742589786	-0.0144863479376	-0.0118368601239	-0.0163254429197	-0.0238621075017	-0.0415954421814	0.00541058346432	0.00915372440251	-0.0084101451991	-0.0197640321806	0.00326795036395	-0.0100359093499	-0.0100785028002	0.00650186477623	0.0145655334036	-0.0110193655894	-0.00515900480583	-0.00385175768003	-0.020106810243	-0.0018587218942	-0.0	0.0	0.0	0.0	0.0	0.0	0.0	0.0	0.0	0.0	0.0	0.0	0.0	0.0	0.0	0.0	0.0
Amz26chld.418481	-0.0880174513286	-0.145921318318	0.018783829048	-0.0721184151143	0.0374207352441	-0.031512309221	0.0215413479084	-0.0172002392743	0.0382723577582	0.0375192665843	-0.0201262951222	0.0307433349337	0.0413897753669	-0.046347670945	0.000109413946199	0.0446467008438	0.0171746872978	0.0396416201901	-0.0416469782707	-0.0475886243646	0.00741080119446	-0.0314225343639	0.011925145436	-0.0207141899342	-0.0191614879679	-0.0264513212741	-0.022154110372	-0.0185907254208	0.0139034304247	-0.00832487911207	-0.00340706642389	-0.00291053753479	0.0154663092383	0.0133579811062	0.00838874004139	0.0166386457673	-0.0129209775654	-0.0187166952697	0.0145823012686	-0.00117209717401	-0.00861499503059	-0.0132097377812	-0.000629512674346	-0.0	0.0	0.0	0.0	0.0	0.0	0.0	0.0	0.0	0.0	0.0	0.0	0.0	0.0	0.0	0.0	0.0
Amz29adlt.418370	0.0339085583165	-0.182343169918	-0.176332918663	-0.0210259646158	0.018764875314	0.0842167823283	0.09110182127	-0.0659600220505	0.04697198843	-0.0392904666828	0.0523309658781	0.0734608904688	-0.00991413669418	-0.0520435976846	0.015672916689	-0.0117056714351	0.00689374697459	0.0182670879973	-0.0193902593577	-0.0157169835094	0.018223368674	-0.0077697906859	-0.0322941024686	-0.00918181945222	0.00696029654851	-0.0209532597609	-0.0122031610292	-0.00399358418562	0.0185250193685	0.00126074644488	-0.0134266570064	0.00150221785871	-0.014942567027	-0.0149111321563	0.000649247604381	-0.00681412964943	0.00822679809766	0.00668791834842	-0.0115189222523	0.00512468125542	0.0172158153991	0.000854129496882	0.00433915974945	-0.0	0.0	0.0	0.0	0.0	0.0	0.0	0.0	0.0	0.0	0.0	0.0	0.0	0.0	0.0	0.0	0.0
Amz2adltF.418633	0.34324481729	0.0659162786766	-0.0941950142406	-0.0156092800529	0.140319032881	-0.00304136458407	0.0582250059414	-0.0377236226679	-0.0195206113242	0.0168428497954	-0.0180832274518	-0.0504988351682	0.0285587755521	-0.0327305835673	0.0193499088518	0.0162917524181	0.00736493383399	0.00203707302882	-0.0488256371944	0.035558306851	-0.0468185613219	0.030651649188	0.0101092304784	-0.0187224380917	-0.0148077486932	0.0283182541322	-0.00939124365686	-0.000861017234475	-0.00665115657008	0.012706868582	-0.00450919563791	0.00889952230293	0.0223044644016	0.000223173973419	-0.000281731590717	-0.00805079918794	-0.00831793146248	0.00575747346583	0.00272709416657	-0.0104478178033	-0.00532844477194	-0.000822560388303	6.59358918099e-05	-0.0	0.0	0.0	0.0	0.0	0.0	0.0	0.0	0.0	0.0	0.0	0.0	0.0	0.0	0.0	0.0	0.0
Amz30adlt.418837	-0.125225146864	-0.0932108184002	-0.0179029079788	-0.0811962969114	-0.0224877321963	-0.109167987112	0.071226630103	0.00616676793057	0.00833719731084	-0.0116423737187	-0.0813799967604	-0.0103980816827	0.00571528753959	-0.0494210836666	-0.00446126487025	-0.00856607916083	0.0205457465801	-0.0584431424848	-0.000951330478452	0.00585547561843	0.0331490733766	0.0212529613836	-0.0127493457416	-0.0249084634958	-0.00435243843018	0.0240826239895	0.0330519210347	-0.0242126028029	0.0122387234537	0.0118763296607	0.021342225467	-0.024927989104	-0.0343626060791	-0.0106224991075	0.00684438527719	-0.0101407550354	0.00481446822841	0.010117487934	-0.00385732359239	-0.00256392653243	-0.00740483362293	0.00724629507127	-0.00176697627442	-0.0	0.0	0.0	0.0	0.0	0.0	0.0	0.0	0.0	0.0	0.0	0.0	0.0	0.0	0.0	0.0	0.0
Amz32eldF.418511	-0.102646163711	-0.168340652495	-0.19106734362	-0.0193392571214	0.0501509552011	0.0255672062155	0.0179423785169	0.0484402903104	0.0584129273402	-0.0583487271927	-0.0134437217733	0.0590887436628	0.00029900989627	-0.00509654664944	-0.0253857102793	0.0159548739699	-0.00428180052569	0.0155560349013	0.0480920142817	0.0334742819914	-0.0545461856996	-0.0174043449407	0.00488299286164	-0.0181872013165	-0.0144496901771	0.0208263957836	0.00739718098413	-0.019287266368	-0.00749899011743	0.00662105924898	0.0105661551973	-0.000416865587834	0.00845856661028	0.0139630923844	-0.00774612141198	0.0183898511404	0.00343144907791	0.00266773243533	0.00158733095879	-0.00440120196816	-0.0053566158294	0.00861923888232	-0.00747341279437	-0.0	0.0	0.0	0.0	0.0	0.0	0.0	0.0	0.0	0.0	0.0	0.0	0.0	0.0	0.0	0.0	0.0
Amz4adltF.418711	-0.066965066588	-0.221373613592	-0.285076293548	-0.121657826099	-0.0317067802445	-0.0962470865464	-0.107782766408	0.0175827822167	-0.032389695589	0.0326894336903	-0.00459827730553	-0.0183357794284	0.0176671164931	0.0128234599672	-0.0124629453529	-0.0389328273914	-0.0102601530857	0.00852722198364	0.00551233774339	0.0104168776751	0.0214208208053	0.000195257090722	-0.000576446138698	0.000572475563978	0.00114011618024	-0.00886645644677	-0.00965329741323	0.00690004176137	-0.0140383103961	-0.00724312015424	-0.00577904634035	0.00476882225754	0.00502308923295	-0.00230522859538	-0.00256699007308	-0.00067432177669	-0.00190483598637	-0.0031914469647	0.00539634946682	-0.00288846359129	-0.00643469581983	-0.00134792614642	-0.000647423080434	-0.0	0.0	0.0	0.0	0.0	0.0	0.0	0.0	0.0	0.0	0.0	0.0	0.0	0.0	0.0	0.0	0.0
Amz4chldM2.418774	0.0692258148192	0.0269731926928	0.0993583005495	-0.0358611250066	0.00550555100479	0.0256536937305	0.0234468801493	0.0494201461674	0.0244377918921	-0.0228853996679	0.0472021492324	-0.00898626492807	0.0267904365652	-0.0364487136301	0.0072683655133	0.0200645526161	0.00598694500684	-0.00394446352888	-0.00681480473378	0.0325081134571	0.00553670974927	-0.0215394368581	0.0235770543451	0.0298610333431	0.00543287159741	0.00326008442231	-0.00112547345927	0.0175844361989	-0.008089453026	0.0256637921804	-0.0119239737403	-0.0163556252304	-0.0113993435784	0.00503513359094	0.0187801283994	0.00252668162925	0.0223773199195	-0.00761207783367	0.0109368467771	-0.00245102176899	-0.0202685553204	0.0103467167485	0.0115643017986	-0.0	0.0	0.0	0.0	0.0	0.0	0.0	0.0	0.0	0.0	0.0	0.0	0.0	0.0	0.0	0.0	0.0
Amz5chldF1.418757	0.17124651457	0.0566632255469	0.111351297235	-0.0230199902002	0.0683796128896	0.0150412536961	-0.0351753480947	-0.00252561034988	0.0512470619966	-0.0115160318634	0.00627807543838	0.0164237196174	-0.00372647788004	-0.0376629345838	0.0223965296183	-0.00797543569106	-0.036731707419	-0.0200740293606	0.0210040646374	-0.0101997222182	-0.0464407101732	0.0165544775204	-0.0444975736242	0.00854522046783	0.0210804230065	-0.00519013822402	0.00557505422451	0.00476750215139	0.00406316947293	-0.0120465033457	-0.0111909077719	0.00352865857718	-0.01008478177	0.00969549552429	-0.00208411454132	0.0047510572843	0.000264034431903	0.00655412198738	-0.000288170691442	0.00394007199577	-0.00572651661309	0.00349397456773	0.00654686634733	-0.0	0.0	0.0	0.0	0.0	0.0	0.0	0.0	0.0	0.0	0.0	0.0	0.0	0.0	0.0	0.0	0.0
Amz5chldF2.418405	-0.135934605684	-0.106891373988	0.0830485046968	-0.0587311021845	0.0935510410186	-0.0139041371427	-0.00406153927367	-0.0150781780344	0.0743707872532	0.0190244622704	0.00931736497343	-0.00249658422919	-0.000242901601523	-0.0386818861309	0.0402531204143	-0.0207866638885	-0.0388137181662	-0.0229674817887	-0.00157482987727	0.00813860392881	0.0166010989536	0.00949183635419	-0.00410741336804	0.000142601216904	0.0238163767749	0.0102300865176	0.0136395420675	0.0265250251605	-0.00888281878839	-0.0132454465532	-0.021796445317	0.00987117519047	0.0120120284866	-0.00515653839012	-0.0112525991734	-0.0144086472331	0.00948985071093	-0.0118615594868	-0.00025027367178	0.00556908049196	0.00590073756196	-0.000178975123013	-0.00936653671414	-0.0	0.0	0.0	0.0	0.0	0.0	0.0	0.0	0.0	0.0	0.0	0.0	0.0	0.0	0.0	0.0	0.0
Amz5teenF.418519	0.151694800475	0.0525510614421	0.0535936170503	-0.0518518236044	0.0488631930845	-0.0548441915394	0.0389331633079	0.0148051029273	0.0554589230041	-0.0136906024728	0.0129213502805	0.0411224976412	0.0433306634842	0.00117131135302	-0.0301620111441	0.0316158801261	-0.0309311321979	-0.00412499751211	0.0240349861786	-0.0262544434859	0.0323699435545	0.0219495450576	0.0291425027033	0.00307176762318	0.00482206640184	-0.00123878545218	-0.0206657967406	0.0179236024594	-0.0236594037126	-0.00409323139679	-0.00120032715967	0.00125842830391	0.00389806432416	-0.00564216515838	-0.00218216420286	0.0029880329931	0.0181007714465	-0.0138078151055	-0.0037877831286	-0.00681491773154	0.000269674980588	-0.00376676505877	-0.0031872753506	-0.0	0.0	0.0	0.0	0.0	0.0	0.0	0.0	0.0	0.0	0.0	0.0	0.0	0.0	0.0	0.0	0.0
Amz6chldM.418668	0.018381635519	-0.103392009978	0.0060334953141	-0.0197682878906	-0.00815436758983	0.009763801724	0.0794546048904	0.0177068765946	0.0257617289059	0.0468228015845	-0.0230721635154	-0.0211789522056	0.0140990708407	9.92754407019e-05	-0.0191686422736	0.0321042697866	-0.0394486767701	-0.0113600758158	0.0218819615955	0.0141631401822	0.00937384213642	0.000746797502482	0.0451606890231	0.0195756897504	-0.00519165650533	-0.000878255744083	0.00563604688352	0.0228917901441	0.0221174005606	0.0109717355519	0.0164909987709	0.0205806700088	0.00505760110047	-0.0055084692091	-0.00639295231192	0.0106973493549	-0.0365702412353	0.017347145406	-0.00260006545979	0.00430439989977	0.010158839367	0.00043723278193	0.017659361567	-0.0	0.0	0.0	0.0	0.0	0.0	0.0	0.0	0.0	0.0	0.0	0.0	0.0	0.0	0.0	0.0	0.0
Amz6eldF.418597	0.102422516356	-0.1275470253	-0.0675827143003	-0.0070823869149	-0.0260453155448	0.016820212158	-0.0272377353471	-0.00487152521145	0.00904616779793	0.13308252221	0.0242222699388	-0.0246498982772	0.0251685169716	-0.0102835984666	-0.0424973527669	-0.0106285018222	0.0051235734247	0.0262872816273	0.0175025514721	-0.00394014958747	-0.00221098139588	0.00647541594616	-0.0235465534992	0.00878445909179	-0.0124339871665	0.0156326490631	0.00874176155393	0.0188990613936	-0.014794998647	0.0256051039604	-0.0196766984457	-0.0189895517568	0.00340636408019	-0.00455842867054	0.015942017247	-0.0102377072943	0.0029108793072	-0.00844400616453	-0.0181476109106	0.00776459476291	-0.00060676190075	0.00742598026831	-0.00452457631355	-0.0	0.0	0.0	0.0	0.0	0.0	0.0	0.0	0.0	0.0	0.0	0.0	0.0	0.0	0.0	0.0	0.0
Amz6eldM.418356	0.0365625343366	-0.0634264609103	0.0284955568234	0.0549845003962	-0.0396062254973	-0.110797542567	0.0766994096093	-0.0133702348618	0.0566303954578	0.0119668226486	0.0276780519833	-0.0129988262871	0.0372575802732	0.107391797708	0.0329213396454	-0.0114618401533	-0.0244962767681	0.0491529927059	-0.0101007445413	0.0546329394806	0.00276979958103	-0.0285612601296	-0.0164645615351	0.0058438705266	0.00347405344682	-0.0179653388254	0.00890631300304	-0.0180817477659	0.0197706823343	0.016499012037	-0.0182168319726	0.00136553065365	-0.012054709965	0.00518330638505	-0.0196845721949	0.00296862974147	0.0143790714221	0.00969851503316	0.0113385525701	-0.00296532709524	0.00532512567618	0.00300431417808	-0.00605878151516	-0.0	0.0	0.0	0.0	0.0	0.0	0.0	0.0	0.0	0.0	0.0	0.0	0.0	0.0	0.0	0.0	0.0
Amz7eldM.418423	-0.0241010505571	-0.0762318168527	0.113964110408	-0.018376547335	-0.00577276843833	0.000279919621058	-0.0342105446388	-0.0433747555697	0.00467358614553	0.0796658664008	0.0812444399515	-0.0171322277026	-0.0150756732201	-0.0225563411329	0.0217178184801	-0.0275145830082	-0.0215291563189	-0.0227282062678	0.0200202801746	0.0123786655977	-0.0347083187204	-0.0222755014269	0.0178913716543	-0.0112329722452	-0.000955095589562	0.038200058329	0.0031448411037	-0.0177076084835	0.00581641816138	-0.0255090084047	0.0120850502764	-0.0139642115745	0.00452924910693	-0.00165626135982	0.00256358594535	0.0192365495122	-0.00536776379003	0.00975301835892	0.00766519106086	0.00722755619878	-0.00294548771357	-0.00454753289794	-0.00536670524909	-0.0	0.0	0.0	0.0	0.0	0.0	0.0	0.0	0.0	0.0	0.0	0.0	0.0	0.0	0.0	0.0	0.0
TS1.418828	-0.24117734594	0.0199972056452	0.018484136692	0.102887845312	0.0193996372916	-0.0659820951827	-0.0286739354337	-0.0529596720408	0.00266398014386	-0.0352877869519	0.0158481822152	-0.0536385974433	0.0298197285871	-0.0180661356149	-0.0392274680137	-0.00744158542915	0.00133828065306	-0.0206008102238	-0.0233925129237	0.0245912927035	-0.0236080618664	-0.01778644203	-0.0348478912926	0.022526777705	-0.00677753177165	-0.00778408031047	-0.0651543406466	-0.0167190299967	0.00710423466329	0.00787460123272	0.0306454494612	0.0125581802539	-0.00325723919136	-0.0103481351307	0.0189076857813	0.0126618881737	0.0096239330708	-0.0116688395892	-0.0164680681699	0.00543947839213	0.00427208364397	0.0051285100777	0.0064296258491	-0.0	0.0	0.0	0.0	0.0	0.0	0.0	0.0	0.0	0.0	0.0	0.0	0.0	0.0	0.0	0.0	0.0
TS109.418691	-0.0217619112336	0.225819382911	-0.0370828184676	0.0166373319107	0.033681560339	0.024954480211	0.00440653118393	0.036098569748	-0.0312294318745	-0.0318554343471	-0.00382477471685	0.035984549446	0.00948416125267	0.0281059213673	-0.0367726080305	0.0201381496468	-0.028825348931	-0.00472792121019	0.0198479506367	-0.00903528705906	0.0113669443443	0.000638552369527	-0.043428732908	-0.0309328333087	0.0155555603066	-0.0124068495912	-0.0108665250322	0.016925344453	0.00429701666348	0.00217723577413	-0.000263193967914	-0.0193449800644	0.0198591059233	0.0155571295742	0.00561683416313	0.00912781812618	-0.00448403335286	0.0105746337698	-0.00918272435077	0.00960146710697	-0.0190989023519	0.00656968564223	-0.000248397278934	-0.0	0.0	0.0	0.0	0.0	0.0	0.0	0.0	0.0	0.0	0.0	0.0	0.0	0.0	0.0	0.0	0.0
TS111.418684	-0.200229518929	0.0206583959293	-0.0311225078598	0.0361161070199	0.0325576004747	0.00331269347033	0.0239469886621	0.012438686839	-0.0418731046401	0.0046624721668	0.0429855143317	0.00261182947481	0.0287621386729	0.0243611749319	0.0149956235827	0.0379820990694	0.000371745715471	0.0246298187341	0.00686619240274	-0.00793938825531	0.0503864619564	0.0282990172334	-0.0695379582074	-0.00579497505559	-0.000777762508421	0.0525508446153	0.00330674330456	-0.000902121936377	-0.0178203920659	-0.0141422263802	0.0153422869025	0.0135116947149	0.00695177309324	0.00823200128717	-0.0150563895327	-0.00970368741212	0.000535130700455	0.00623928816131	0.010697857081	0.0120235232829	-0.00134043138414	-0.00745629961216	0.0111047791773	-0.0	0.0	0.0	0.0	0.0	0.0	0.0	0.0	0.0	0.0	0.0	0.0	0.0	0.0	0.0	0.0	0.0
TS127.418550	-0.250939882159	-0.0148834117547	-0.0704685430127	0.0502056754329	0.0845347526597	-0.075833652943	-0.0158360012379	0.0329866900687	-0.00951992203485	-0.0301472425006	0.0484643359599	-0.0692318730848	-0.0607606495934	0.00782552403587	-0.012268172721	0.00933827675819	-0.00290802236088	0.00791175747015	0.00532035047447	-0.0470051994583	-0.0294846483595	0.00529550344745	0.0322030595289	-0.0459694158897	0.023767753919	-0.0114903787615	0.0100269366769	0.00703680952085	0.030087045861	0.0131033379203	-0.0119519262222	-0.00302054018748	0.0113582390305	-0.00567108523771	-0.0152923538259	-0.00967948055329	0.00514967061618	-0.00640765122686	-0.0239814693211	0.00276871651829	0.00125249092472	-0.00171161642398	0.00200803119468	-0.0	0.0	0.0	0.0	0.0	0.0	0.0	0.0	0.0	0.0	0.0	0.0	0.0	0.0	0.0	0.0	0.0
TS129.418618	-0.195804752392	0.0692278028108	-0.017020222925	0.033823039702	0.00204922655461	0.0371430876362	0.0457320685722	-0.00337506886569	-0.0185521657658	0.0196117573553	0.0125029003999	-0.0125653026234	0.0120755064753	0.0348273309409	-0.0351737582527	0.00475768200303	-0.028562672875	-0.0278067226812	-0.0105312611844	-0.0128059911702	0.00188113670459	-0.0176585284577	0.0155885808961	-0.0206503613372	0.0273086960736	0.0194244038942	-0.0229905830301	-0.0123685935874	-0.0251478190639	-0.00962427391901	-0.031612320186	-0.0375129453722	-0.00900688683442	-0.0196582661535	0.0242114350691	0.000261754140556	-0.0220937128769	0.00941356187515	0.015056302013	-0.000882201978551	0.016506617405	0.0093814791437	-0.00104015496618	-0.0	0.0	0.0	0.0	0.0	0.0	0.0	0.0	0.0	0.0	0.0	0.0	0.0	0.0	0.0	0.0	0.0
TS13.418619	-0.269838217546	0.0127394969722	0.0317392999096	-0.00351168131051	0.0928884199617	0.0170793960279	-0.111834513299	-0.0205594788132	0.0615017206756	0.00731749514204	-0.0156455184964	0.0225614417566	-0.0316433857774	0.00222399471413	0.0507251446599	-0.0280323932966	-0.0114864865837	0.00486962197153	0.00314947028918	0.00683284245119	0.00773195346535	0.0131415040896	-0.00272472074242	0.00885940414139	-0.00205735788045	-0.000408593556616	-0.00414626484968	-0.0208336168515	-0.00143549959835	-0.00326646114346	0.0217798439321	-0.00827491924783	-0.00477158505398	-0.0122248082357	-0.00318736655114	0.000604542003465	-0.00363963541532	-0.00169970412226	0.0135452309	-0.00643110088674	-0.00523161960801	0.00363170975544	0.00451752989099	-0.0	0.0	0.0	0.0	0.0	0.0	0.0	0.0	0.0	0.0	0.0	0.0	0.0	0.0	0.0	0.0	0.0
TS163.418636	-0.11774520198	0.140958787413	-0.0080154322939	-0.0123235826981	-0.0674477731288	0.0139295487438	-0.0148705379948	0.0342665739496	0.0361167308482	0.0197479477479	-0.0284889917658	-0.0491396463862	0.0324569150293	-0.0276936834894	-0.015940945198	0.0116994712785	0.0202131431434	0.00276051845358	-0.0299755205576	0.00404213090928	0.0230793046769	-0.0154909694733	0.0255818026833	-0.00215653546541	0.0242324036032	-0.00282484205011	-0.00634257953335	0.00446040393142	-0.0342835118481	-0.00988537493948	0.024922311489	-0.00726833689176	0.00508130578669	-0.00498507791319	-0.0457531141297	0.0144100313092	0.0122616942629	0.00454349732338	-0.00929422753213	0.00883600336691	0.00357711543344	0.00482719177319	-0.00264072775442	-0.0	0.0	0.0	0.0	0.0	0.0	0.0	0.0	0.0	0.0	0.0	0.0	0.0	0.0	0.0	0.0	0.0
TS184.418577	-0.0918117885848	0.18897235927	-0.0386605301628	0.0326179628458	-0.0302666100189	0.0728066575624	0.0337862056776	0.0978699897137	-0.0210675124707	0.0118569895362	0.000262272883571	-0.000621287815901	-0.0530223159264	0.00179202341155	0.0381365030198	-0.0312562592274	-0.00753710256698	-0.0118578409216	-0.013581198046	0.0112695345587	0.0171728327944	0.00635745654727	-0.0132212919244	0.000918052346683	-0.0290351099877	0.00978370965247	-0.0112219518282	-0.00654559204176	-0.00367510515265	0.0215024839313	-0.0179704960465	0.00360819702253	0.0229744947905	-0.0177325590672	0.0111116155388	0.00726531457563	0.00475016540518	-0.0230054517925	0.00630729892377	-0.011499558874	0.00682502302577	-0.00244285063762	-0.00249027673019	-0.0	0.0	0.0	0.0	0.0	0.0	0.0	0.0	0.0	0.0	0.0	0.0	0.0	0.0	0.0	0.0	0.0
TS193.418750	-0.268270063949	-0.00293522187396	-0.0125022387678	-0.0428915822719	0.0963854439236	0.0546892211443	-0.0245048587905	0.0521937456624	-0.00544537021524	-0.0146808999745	0.000508227553452	0.00302095200945	0.0614492908306	0.063477046895	0.0280574544963	-0.0169079713634	-0.0119548424998	-0.0295321110189	-0.067903388965	0.0193705454547	0.0133502997319	0.000960147948494	0.0215898714152	0.0406805573285	-0.0042804959285	-0.00557447882118	0.0166521265701	-0.00204249179162	0.00508528440813	-0.00462510148913	-0.00590383615462	0.00330381782091	-0.000312562089037	0.0231961369633	0.00999439954793	-0.00446047377262	-0.00562502327553	-0.00298351830068	-0.0215714159651	0.00348867277333	-0.00020938644489	-0.00383933322223	-0.000703698042474	-0.0	0.0	0.0	0.0	0.0	0.0	0.0	0.0	0.0	0.0	0.0	0.0	0.0	0.0	0.0	0.0	0.0
TS195.418848	-0.141345140663	0.133222570991	-0.00472965220877	0.0790118296548	-0.031986826936	0.0413685939849	0.0121570653594	0.0278587095734	0.0308034306276	-0.0126063896428	-0.0318047082821	-0.0313630387806	0.0155431587696	-0.0132677290773	-0.0274287229559	-0.0160662105652	-0.00683865160457	0.0177927499772	-0.0169613951176	-0.00707738567048	-0.0354653073509	-0.0587149978769	-0.00392901134368	-0.0135637221803	0.0215357813457	-0.0130204341252	0.0217442488463	0.0306216431892	0.00516593199396	-0.0229156804419	-0.000228130538592	0.0214752114143	-0.0108597915163	-0.00695737642984	0.0100246321024	-0.026007394077	0.0049588445012	0.0120433363027	0.0129764585029	0.00252581398935	-0.0108515821159	-0.00301880414725	-0.00400401796137	-0.0	0.0	0.0	0.0	0.0	0.0	0.0	0.0	0.0	0.0	0.0	0.0	0.0	0.0	0.0	0.0	0.0
TS25.418407	-0.215785923506	0.0145619243155	-0.0190942381735	0.0734789164081	0.019409161014	-0.0189589761091	0.0111705537475	-0.0299064907305	-0.0813568841543	-0.0321236823586	0.0401688878531	0.00106775400824	0.0796718987545	-0.0437971625135	0.0415412422233	-0.0210389179543	0.0354517717677	0.0122404185247	0.0800281163538	-0.0368220053659	0.00891035634383	-0.00563521466193	0.0233256622056	0.0420601593624	-0.00529803783372	-0.0151313953108	0.0284916413875	0.0107653181304	0.00346624671996	0.0201413013495	0.0128946700533	0.0060781267595	0.0188555527623	-0.0105827700918	0.0123055456455	0.00102880173916	0.00191196560363	0.0102579530308	0.00802753919492	-0.00414036740743	0.00387681332094	0.00151337106298	-0.0062081818441	-0.0	0.0	0.0	0.0	0.0	0.0	0.0	0.0	0.0	0.0	0.0	0.0	0.0	0.0	0.0	0.0	0.0
TS4.418810	0.0798940598657	0.375458130203	-0.198648043786	0.000494313227404	0.0610497198572	-0.0121170257695	0.0562495596014	-0.0608295591448	-0.0187784439698	0.0218948617568	-0.00280802658773	-0.0241950998224	-0.0524683628636	0.00557160634878	0.0240285931059	-0.0177597368895	0.0314573981827	0.00309457174719	-0.00919289851529	0.00604636473806	-0.000739558093386	0.000343095696222	0.007716518049	0.0160343142056	-0.00287988693285	-0.0108959847478	0.0166397154369	-0.00521954502401	-0.00817028242221	-0.00129893953983	0.0101000930655	-0.00394214114501	-0.00168915799718	0.00917677799956	0.000132938379834	0.00399491602057	0.0052373023166	-0.00243770023457	0.00609879253783	-0.00269533948605	-0.00560150015993	0.00101613166842	0.00127094971577	-0.0	0.0	0.0	0.0	0.0	0.0	0.0	0.0	0.0	0.0	0.0	0.0	0.0	0.0	0.0	0.0	0.0
TS7.418860	-0.127963085108	0.0264840132749	0.0592109215679	0.0244209313838	-0.0149547323438	0.0465829572267	0.0532590483257	-0.0275728415061	-0.00880429699279	0.0160795445746	0.0116231094131	0.00794416550069	-0.024255568017	0.00662921335964	-0.0458660533851	-0.0050897257905	0.00681369705433	0.0624759364064	-0.0132087527132	0.0130742183834	0.00757780372646	0.0693365280592	0.0197898694251	0.0250352418267	0.0225814595797	0.0172712552949	-0.00560849744197	0.0082223875139	0.0368605466696	-0.00367176019458	0.0135056156016	0.00521966373726	-0.0214993925187	-0.00336674074651	0.0107462541899	0.00554365388384	-0.00634478435987	-0.00869079006065	-0.00083852812243	0.0113295864796	-0.0161285107371	-0.00267353340506	-0.0164159332888	-0.0	0.0	0.0	0.0	0.0	0.0	0.0	0.0	0.0	0.0	0.0	0.0	0.0	0.0	0.0	0.0	0.0
USchp18Mom.418783	-0.270171563192	0.0195102737026	0.0149075251933	-0.246077145551	-0.085039181234	0.0466406097473	-0.036955447041	-0.00526191508766	-0.0369520461989	-0.0677457396076	-0.0139830234818	-0.00218773476409	-0.013602862588	0.03970352765	-0.00024002065499	0.0495159206641	0.0105538533647	0.0347831726559	0.025288891844	0.017253072689	-0.0242531903867	-0.00351639369699	0.00820519465694	-0.0100377808424	0.0101696499787	0.0137523495282	-0.0140425545631	0.000845961610236	-0.00560847940301	0.00361071935903	-0.00255105587356	0.0172801394769	-0.00555913652177	-0.0130292715375	0.0165007704102	-0.00655753013588	0.00523121244721	-0.00082903413638	0.00747514204089	0.000682090167855	0.00388823026323	-0.00300444696947	0.000305953718941	-0.0	0.0	0.0	0.0	0.0	0.0	0.0	0.0	0.0	0.0	0.0	0.0	0.0	0.0	0.0	0.0	0.0
USchp1Mom.418814	-0.119496341645	0.0171748327227	0.0757884733198	-0.0807116722167	-0.0887659605163	0.0398869489174	0.0564023347206	-0.0678539444884	0.0156166062829	0.000264488348034	-0.0241957768125	-0.0228034415577	-0.0308155559681	-0.0119037192708	-0.0673831947812	-0.0387109690019	0.00268235955192	0.0363332148406	-0.0121786325807	-0.0165439597631	-0.0182428303593	0.00985833805988	-0.0242626884469	0.0275849091991	0.0146994191047	0.00717788726016	0.02383130253	-0.00588395266765	-0.0120246750822	-0.00397595524084	-0.0020895783608	0.00302325011665	0.0187557612488	0.00717051255204	-0.0201294348519	0.00864938951512	-0.00144897864797	-0.0162416845645	0.00280532580191	-0.0184541500312	0.005549947918	0.00269219068216	0.00573211097926	-0.0	0.0	0.0	0.0	0.0	0.0	0.0	0.0	0.0	0.0	0.0	0.0	0.0	0.0	0.0	0.0	0.0
USchp25Child.418345	-0.0247067312031	0.102743668093	0.0758142475462	-0.0429873999828	-0.0898081561048	0.00150185481038	-0.0405635194232	-0.0666037167428	0.0599832486248	-0.0355291448071	-0.019891397915	-0.0201977818613	0.00326879527463	0.00407661798908	0.0129446500792	-0.0662252377076	-0.00477548870199	0.0480183520611	-0.000755405962625	-0.0205976076276	0.0251410844682	-0.00320164370925	0.00233209610557	-0.0157736660218	-0.0370329250389	0.000965194422162	0.00715488908393	0.000193190370689	0.0147586082259	0.00684358629347	-0.0081311774773	-0.0272807359288	0.0257209001524	0.0215546305925	0.0125158584501	-0.00110249486836	-0.00552263903495	0.0151777261387	-0.00958383669	0.00461991450777	-0.00247055131293	0.00332655966708	0.00845912530981	-0.0	0.0	0.0	0.0	0.0	0.0	0.0	0.0	0.0	0.0	0.0	0.0	0.0	0.0	0.0	0.0	0.0
USchp25Mom.418780	-0.214730501913	0.0606880506602	0.06614683591	-0.0166425021072	-0.0547737387645	0.037995126951	0.00194812166226	-0.0670008365733	-0.00332288014573	0.0533682750044	0.0478912074509	0.0489603854424	-0.0234139818079	0.0147401042396	-0.0440533419394	0.0261967582756	0.0174193425322	-0.091121847546	-0.00233547529353	0.0182500055322	0.0130432437034	0.0103588056868	0.00451640459995	-0.0259361887111	-0.0104930132353	-0.0404666841555	0.0057226665045	0.00301467737551	0.0052172457005	0.0193542283158	-0.000239637814379	0.0138975882682	0.0248855899992	0.0143175136607	-0.0117719553199	-0.00290995493293	0.0128890267848	0.0120114724082	0.00758611566172	-0.00823455062271	-0.00414343723123	0.00414336925049	-0.00350367003108	-0.0	0.0	0.0	0.0	0.0	0.0	0.0	0.0	0.0	0.0	0.0	0.0	0.0	0.0	0.0	0.0	0.0
USchp33ChildB.418578	0.0194264264342	0.302131666863	-0.0487605703963	0.00634446336016	0.053438936821	-0.0103833702274	-0.0417565289042	-0.0984157187525	0.0248893247091	0.00680607577184	-0.0380335554585	0.0364583904805	0.0247705356623	-0.00263068832719	0.00520065305937	0.00576498791345	0.0388172778153	0.003416755916	0.00598155293085	0.0299293074807	0.00285893623747	-0.0176935655598	0.00789544685719	-0.0116884417114	0.00851109533911	0.015155525336	-0.00168399782186	0.0205113528534	-0.000264337500105	-0.00924276080912	0.000776320611571	0.00968013601017	0.00314510408889	-0.0106936077506	0.0041747229019	-0.00725982840407	-0.00201362503396	0.00467943774527	0.000789634345373	0.00431551754626	0.0140159483183	-0.00573422252017	-0.00192732560697	-0.0	0.0	0.0	0.0	0.0	0.0	0.0	0.0	0.0	0.0	0.0	0.0	0.0	0.0	0.0	0.0	0.0
USchp36Mom.418718	-0.161505705942	0.0811725552933	0.0166657723456	0.0977530617022	-0.0169701886324	-0.0217316060662	-0.0373906756325	-0.0177262387418	-0.013172499952	0.0185521933817	-0.00239132618726	-0.0160312875266	0.0106371047945	-0.0298491299822	0.0114340645937	0.0306100218296	0.0392863575051	0.0241732119709	0.0406491164587	0.032545553123	0.00715428161651	0.0194577849384	0.0140353598534	-0.0251175771935	-0.000893993418077	-0.011544683312	-0.00414331671026	-0.0074874308488	-0.0095345814568	-0.00458882175338	-0.0509429594443	-0.00461807909932	-0.037566098938	0.0188055388018	-0.00994616334664	-0.00133856883946	-0.0119132763198	-0.00446123357207	-0.00432106341748	-0.0100388823925	-0.00685985097909	-0.0105444096511	0.00957682193928	-0.0	0.0	0.0	0.0	0.0	0.0	0.0	0.0	0.0	0.0	0.0	0.0	0.0	0.0	0.0	0.0	0.0
USchp3Child.418614	-0.0320865441027	0.211725918469	-0.0651686383303	0.0524266921427	-0.0801842213997	-0.0606186139295	-0.0109383618357	0.020090603555	0.0265592611418	-0.0166248110655	-0.041445089411	0.0499435142134	0.0424698801072	-0.00508321258728	-0.00638602206007	-0.038886368109	-0.0333772219129	-0.0406750622157	-0.0143605388704	-0.0702909823435	-0.0256660029269	0.016050020805	-0.000607115960217	0.0247816569015	-0.010900519239	0.0124940424492	-0.0155386877728	0.000250607100203	0.00273969829742	0.0106873142024	-0.0208595357387	0.0154347836743	-0.0246965363998	-0.000238278105006	-0.0125774125497	0.00561226888783	-0.0109993546442	-0.00150685680815	0.00667329019733	-0.00418242214363	-0.00299149266333	-0.00213705027729	-0.00350935237959	-0.0	0.0	0.0	0.0	0.0	0.0	0.0	0.0	0.0	0.0	0.0	0.0	0.0	0.0	0.0	0.0	0.0
USchp3Mom.418727	-0.0456320499651	0.173034796637	-0.051652915307	0.0522811209212	-0.0703069957535	-0.0875014510168	-0.0575748135801	0.0400022030457	0.0469961989068	0.0194331930867	0.0601650825522	0.0410590426341	-0.0549077565264	-0.0251532051791	-0.00217167057311	0.0658275221313	-0.020868978975	0.0114509023543	-0.0061193769104	0.00921723969462	-0.00945996895615	0.0145854580123	0.0111425517472	0.0294445151908	0.00121541870035	-0.00116389157295	0.0236771946623	-0.0164482450662	0.00950282266096	0.000745613394528	0.0126301387653	-0.00564885731228	-0.00464203885437	-0.00100937681215	0.00325522408425	-0.0124247885721	-0.00363499370307	-0.0131050984446	0.00357705851779	-0.000726342617328	0.011931323442	0.00430357559542	0.0058278327723	-0.0	0.0	0.0	0.0	0.0	0.0	0.0	0.0	0.0	0.0	0.0	0.0	0.0	0.0	0.0	0.0	0.0
USchp4Mom.418666	-0.107006217153	0.121222819268	-0.0778373262278	-0.0407045082852	-0.0984007815094	0.0594309676317	0.0362022415192	0.048159126327	-0.0392276139424	0.0609496583183	-0.0136615712475	-0.00184595865157	-0.0129838442712	-0.0314498052653	0.0595581522393	0.0244505672033	-0.0538289329792	-0.00598769046192	0.00879428782102	0.00761645504495	-0.00846920301163	-0.0143620737468	-0.0104082077327	-0.00272827795872	-0.0446357088629	-0.0153922084258	0.00138237407537	0.000854167221066	0.0114644499347	-0.0189319847343	0.0110528272395	0.00107087869245	-0.0124330702843	0.010748133017	0.001371050391	0.00772897954735	-0.000208859966429	0.00322152470771	-0.0166805417114	0.00575960320535	0.00220389577161	-0.00541490974846	-0.00702238166555	-0.0	0.0	0.0	0.0	0.0	0.0	0.0	0.0	0.0	0.0	0.0	0.0	0.0	0.0	0.0	0.0	0.0
h101M.1.418586	0.129310882018	-0.0856379380584	-0.0215758830384	0.085740088801	-0.0495277614246	0.0353927666504	-0.0288056667082	0.00159693259207	0.0147494863536	-0.0305473096275	-0.0290969976675	0.0196080030662	0.0210961781552	0.0114837323268	-0.0435541121085	-0.0186508798866	-0.0272219666718	-0.00841910298911	-0.00635984331045	0.0318921272749	-0.0185162277764	0.0494598303308	0.0287816681698	-0.0111748894188	-0.0343423287904	-0.0171290984736	0.0125602760048	0.000354695471947	-0.000982884131733	-0.0160249432042	0.00577699977487	-0.023081586213	0.0100644612106	-0.0196677143581	0.00946649694782	-0.00862997185879	0.0314206651596	0.00706060274069	0.00479999624103	0.0069203448018	0.00438104355755	-0.0227361842419	0.00752132653935	-0.0	0.0	0.0	0.0	0.0	0.0	0.0	0.0	0.0	0.0	0.0	0.0	0.0	0.0	0.0	0.0	0.0
h10M.1.418706	-0.000914294455092	-0.119068880796	0.0303752177122	0.036528951182	0.00146554614217	0.0437323705228	0.00460095684618	-0.0052352807489	-0.0666222557984	0.00115110514713	-0.00261365064307	-0.0521278598755	0.040445749348	0.0107203483668	-0.0096198143942	-0.00352943358723	-0.00212357512502	-0.0405941434842	0.0123018914315	0.000797476277533	0.00466561421177	-0.00881877135347	-0.0277030206811	-0.0262136488874	-0.020640313525	-0.000736983521367	0.00407732743978	0.011418516866	0.0469816593724	-0.0135789745092	0.000237184498322	-0.00137507171917	-0.00404736435703	-0.0120888663887	-0.0182984351732	-0.000459394970788	0.00323554382611	-0.0292893222471	0.0199353936608	-0.0065031623302	-0.00325973674776	0.000590429556957	0.00292057699953	-0.0	0.0	0.0	0.0	0.0	0.0	0.0	0.0	0.0	0.0	0.0	0.0	0.0	0.0	0.0	0.0	0.0
h122M.1.418534	0.241382786114	-0.105130970862	-0.121965423777	0.0785448764475	-0.0575836517243	0.0935171383731	0.00449213874468	0.0152241954399	0.0675474796277	-0.045554371235	0.0472370147157	-0.0543304009289	-0.0161976240403	0.00257895995728	0.0279456891316	-0.0186642731688	0.00369962288733	-0.011006044336	0.00446704375195	-0.00849352903827	0.0447591449452	0.0162142760537	0.0227164973794	-0.0102496429332	0.0348607507989	-0.0283108805887	-0.0220811109505	-0.0167775945602	-0.0107735219534	-0.0146979642588	0.0220265368096	-6.51262727622e-05	-0.000289737210144	0.00437031755757	0.00482222386339	-0.00862084268645	-0.0167829945087	0.000595772502167	0.0109066235357	-0.00462841284477	-0.0112299740935	0.00214610685689	-0.00235271130754	-0.0	0.0	0.0	0.0	0.0	0.0	0.0	0.0	0.0	0.0	0.0	0.0	0.0	0.0	0.0	0.0	0.0
h146M.1.418838	0.121769375032	-0.0783182409951	0.0342786941998	0.064631343109	-0.024994250162	0.00432088992825	-0.0293165422472	0.0263224216252	-0.00444531753281	-0.000817944194337	-0.0275375349964	-0.0171257868213	0.00713299370698	-0.0130558554184	-0.00246990843537	0.0476861047717	0.0151593060228	0.0232440912612	0.00732386595423	0.00167770409345	-0.00342954668058	0.021726736606	-0.0134718585668	0.035590926392	-0.0372374130643	-0.0151719670071	-0.0173014817749	-0.00915569285032	0.00643572318229	-0.0482825725525	-0.0207670044621	0.00620175872226	0.0182857607486	-0.0165107711776	-0.00709599519662	-0.0152541294648	-0.00114920059835	0.0177922941581	-0.0076588420328	-0.013598727987	-0.00247146694716	0.0216566726103	-0.00515064607059	-0.0	0.0	0.0	0.0	0.0	0.0	0.0	0.0	0.0	0.0	0.0	0.0	0.0	0.0	0.0	0.0	0.0
h147M.1.418531	0.194787388225	0.0120249398909	0.0683429095784	-0.119762253326	-0.12143570264	-0.0690037844915	-0.0234034589335	-0.0116603490999	0.00571181248287	-0.0215024294212	0.0370742546224	0.00288837032805	-0.00447161714736	-0.00135472918374	0.0312012419549	0.0262179821625	0.0557941828784	-0.0378514931435	-0.0387946045374	0.00274033829972	-0.00242686508899	0.00050427940572	-0.013686740377	0.000159211337853	0.0084891271515	0.000808058322686	-0.0111510429959	-0.00550214661411	0.00978111273742	0.00709263451094	-0.0107050300627	0.0115394118194	0.011635533806	-0.0110515861136	0.00669675337697	-0.0124802262122	-0.0130214409214	0.00934145672754	-0.00631252307751	0.00629051813128	-0.00689095414245	-0.00489837550999	-0.00574526248537	-0.0	0.0	0.0	0.0	0.0	0.0	0.0	0.0	0.0	0.0	0.0	0.0	0.0	0.0	0.0	0.0	0.0
h165M.1.418394	0.115117979444	0.0461992478283	0.13316573453	0.0294883889041	0.0244825413401	0.00034937670838	-0.012477237177	0.0294823535924	-0.0405465630502	-0.0672878170872	0.00716317625423	0.024816775756	0.0424570673892	-0.0261824994647	-0.0295105497923	-0.0170790167504	0.00677682557211	0.00595094186393	0.00661051934221	0.0415463187771	-0.00569981570049	0.00467203015486	-0.00985001176405	-0.0162793969207	-0.00401703789378	-0.0275887457987	0.0235663584787	-0.0292705982798	-0.017294247638	0.00748848700512	0.0090454811152	-0.0136384192789	0.00607623520721	0.00926961457085	-0.0103069775061	-0.0146857773009	-0.0357210094435	-0.0214688891294	-0.00256261892853	0.0108169756795	0.0139051327781	0.000791211558535	-0.0093058946784	-0.0	0.0	0.0	0.0	0.0	0.0	0.0	0.0	0.0	0.0	0.0	0.0	0.0	0.0	0.0	0.0	0.0
h186M.1.418788	0.136814015004	-0.0246078521137	0.0440684051464	0.0315463093938	-0.0214088689526	-0.0383530543492	-0.0125112028745	0.0530529631613	0.0135267063204	-0.0164690103867	-0.0129860802219	0.000853389573526	-0.0316029416985	-0.0058240432508	0.0229962357525	0.00883306685757	0.0189720456138	0.0135827104427	0.00122511742647	-0.00109034093112	-0.00492220279148	-0.0112055576415	-0.0136606967768	0.00439543581123	-0.00492577181243	0.0202472435149	-0.0460684090117	0.0576335792116	0.018045409978	0.0188621854843	0.0265408019064	-0.0405113856278	0.0012248407302	0.0199736644115	-0.011220175157	-0.0121407698231	-0.00248900120906	0.00484315271341	0.010828126124	-0.00969393706407	0.0139160548747	-0.0071318043164	-0.00660077378499	-0.0	0.0	0.0	0.0	0.0	0.0	0.0	0.0	0.0	0.0	0.0	0.0	0.0	0.0	0.0	0.0	0.0
h208M.1.418731	0.129723557692	-0.0207364558546	0.0414625128437	0.0306342249846	-0.0105324672791	0.00708287879313	-0.00505205417458	0.0733438920192	0.00705852352654	0.00898209574778	-0.0290729358141	-0.0324960989558	-0.0128498839581	-0.0139544094821	0.00243638538564	-0.0123539068023	0.0267441838612	0.00605314470883	0.00197661380152	-0.0328427187206	-0.00711126630366	0.0184976607023	0.0150823396206	-0.012128181046	-0.00977755338249	0.0114937911516	-0.00947853882948	-0.0340971476557	-0.000910774699963	0.0230211189544	-0.0166225695697	0.0304580165997	0.00813826002048	0.0141084572261	-0.000356465535882	0.000911383077101	0.0176321027521	0.00729391880193	0.0213900399389	0.0340999341844	0.00928289924515	0.00649366950737	0.00107185329317	-0.0	0.0	0.0	0.0	0.0	0.0	0.0	0.0	0.0	0.0	0.0	0.0	0.0	0.0	0.0	0.0	0.0
h235M.1.418489	0.0720585044556	-0.158076141307	-0.0206674285738	0.0887736306237	-0.0560438240672	0.00460861377437	-0.0178580459421	-0.0767694579852	-0.0467643011944	-0.0161337880644	-0.0367982085698	0.030120519347	-0.00829971049963	0.0413810857857	0.0539089248825	0.0431559650776	-0.036390583162	0.00161372382852	-0.0265381008201	-0.0215881914359	-0.0310105558929	0.00238355522432	-0.00555473698271	0.0168567517364	0.0224829655984	-0.0048287484166	0.0164541220387	0.00229048259097	-0.0188671726955	0.0308608277258	0.000417727907806	-0.0193621414681	0.0150153654107	-0.0300032402539	-0.0160733848571	0.00493200932465	-0.0105267420083	-0.00350677962217	0.000418069888428	0.00948340446331	-0.0162088375726	-0.00226193544633	0.0017720413395	-0.0	0.0	0.0	0.0	0.0	0.0	0.0	0.0	0.0	0.0	0.0	0.0	0.0	0.0	0.0	0.0	0.0
h257M.1.418454	0.126765959573	0.113355089221	0.132132438001	-0.0189928504076	0.0787032037864	0.0342781395053	-0.0438664653605	0.00580781047696	-0.0430579285872	-0.0119846023963	-0.00433618927577	0.0064733874203	0.0033546033117	0.0142053975161	0.00501470089955	-0.000306962744622	-0.0229217603944	0.0281017034882	0.00286655891182	-0.0171348907947	0.0353169147966	0.00074077172794	0.0194113126237	-0.022469198138	0.00226798888041	0.0196738935977	-0.0146900386149	-0.0294469746437	0.0191056448938	0.0112441836808	-0.00351303851528	0.00425878813312	-0.00523276646205	-0.0193141561095	-0.0108070792738	0.0172901900226	0.011125960605	0.0201088935426	-0.01365098862	-0.0182317152255	0.00157870633801	-0.00109566682345	-0.00439336470707	-0.0	0.0	0.0	0.0	0.0	0.0	0.0	0.0	0.0	0.0	0.0	0.0	0.0	0.0	0.0	0.0	0.0
h264M.1.418377	-0.0310458471032	-0.120167437323	0.0258578201195	0.0503090806516	-0.00585421616699	-0.0539921014644	0.051744117268	0.0169143956981	-0.0598881900314	0.0252317994624	-0.0929933140269	0.0213503154184	-0.0360312141056	-0.00836447060741	0.027131609011	-0.00264440736849	0.0191104703421	-0.0196916860617	0.02831503371	0.0203893184541	0.00406765033613	-0.0020495529223	-0.00173357407066	0.028980573153	0.0719541608995	-0.0111407544896	-0.0146224675628	-0.0149901071763	0.011005199895	-0.0250710388475	-0.0150188345089	-0.0119976586886	0.0281380368323	0.0172736813245	0.0153860529895	0.0101293588502	0.0136881010435	-0.00178636696614	-0.00475643384257	0.00255388812591	0.00510122342704	-0.00561293215509	0.00201789169517	-0.0	0.0	0.0	0.0	0.0	0.0	0.0	0.0	0.0	0.0	0.0	0.0	0.0	0.0	0.0	0.0	0.0
h273M.1.418507	0.0378926284618	-0.0927119384623	0.107325775908	0.0458232577606	-0.0106190906825	0.036207330229	-0.00476880516137	-0.0373556212857	-0.0160734122026	0.0300118335532	-0.0695564285205	0.00417167055215	-0.038762434364	-0.0161623660768	0.0315026441166	-0.010206178442	-0.0406766830841	0.020344453615	0.0258470290788	0.021914706391	0.0196448615062	-0.0200796555729	0.00273190881716	-0.029109395177	-0.00342286065798	-0.0196312286554	-0.0177443692881	0.00890095898553	-0.0267695020411	0.0303632397611	0.0122512161231	0.0292902127009	-0.0149240530003	-0.00340953357939	0.00421099338057	-0.0136053363757	-0.0017594043265	-0.0109730959449	-0.0102640231694	0.000731987909487	-0.0038215708467	0.00429905854693	-0.000209731719206	-0.0	0.0	0.0	0.0	0.0	0.0	0.0	0.0	0.0	0.0	0.0	0.0	0.0	0.0	0.0	0.0	0.0
h279M.1.418530	0.245942628394	-0.065076084654	-0.0501403653225	0.0414818030544	-0.0629275835335	0.0598346196975	-0.0579408214783	0.0175312380463	-0.0424052976413	-0.0385003774212	0.025595919658	0.0329403268378	-0.00438147219782	-0.0337493422507	-0.00870110047084	-0.025822518392	0.0448106261842	-0.0118150556137	-0.0171983250297	0.0310396905238	0.0120560999972	-0.0236058364039	0.00520665213242	0.00626979083518	0.0129605869566	0.0250648079961	0.010354417752	0.0203324620842	0.00934532247837	-0.000317189935526	-0.0193168307913	0.00443305250234	-0.0133249251805	-0.00689333864948	-0.0186574800751	0.0342703140886	-0.00101896544202	-0.00109182450703	-0.00864806254161	0.00514440577581	8.50880924073e-05	-0.0014250892365	0.00218383517268	-0.0	0.0	0.0	0.0	0.0	0.0	0.0	0.0	0.0	0.0	0.0	0.0	0.0	0.0	0.0	0.0	0.0
h305M.1.418771	-0.108386437574	-0.159852824164	0.0684158329244	0.0482412713	0.0262872958962	-0.110568576857	0.0407596421889	-0.0305427368255	-0.0972498754753	-0.0723550983755	0.030958462473	0.01889028047	-0.0748746294075	-0.0211014056055	-0.00963010927323	-0.0153394811976	-0.02660211942	0.0103681943933	-0.048674348613	0.000207376896969	0.0152167590078	-0.00656868700853	0.02196859828	-0.00390519890986	-0.0444063268291	0.00286022283822	0.00384890414757	0.0288140491992	-0.0347906300301	-0.0236354525418	-0.00664761709186	0.00831580780928	-0.00703206872757	0.0109889372797	0.00439721878934	0.00825554710958	-0.000342803781164	0.00852300387875	0.00650813069994	0.0035195143232	-0.00134751795103	0.00621525387728	-0.00132526622711	-0.0	0.0	0.0	0.0	0.0	0.0	0.0	0.0	0.0	0.0	0.0	0.0	0.0	0.0	0.0	0.0	0.0
h37M.1.418863	0.0942896125259	-0.0384829906302	0.06332113542	0.0631859097779	-0.0448656794394	-0.0293817806315	0.021207404135	0.0177890421673	0.0611646723095	0.00888470633622	0.000952997081115	-0.00443094037221	0.0213760085514	0.0669751635676	0.0492538465723	0.012470356929	0.0575014006878	-0.00217501926367	0.000539507537747	-0.0275497010499	-0.0201556567724	0.0260264471922	-0.0113966311678	-0.0476576555709	-0.00518946169006	-0.00329758820645	0.0320173896136	0.024678982499	-0.0213322145552	-0.0210948264104	0.018078351362	0.0112388605003	-0.00617677519815	-0.00501706252842	0.0282817535507	0.0309817967172	0.00155460430007	-0.0142744121083	-0.0112156125581	-0.00625062632317	0.00770240008336	0.00651813451385	0.00101666605894	-0.0	0.0	0.0	0.0	0.0	0.0	0.0	0.0	0.0	0.0	0.0	0.0	0.0	0.0	0.0	0.0	0.0
h60M.1.418694	-0.015055310314	-0.161171360717	0.00687144187792	0.0265804255833	0.0439730754402	0.0785879317556	-0.0715452775171	0.00299666834103	0.011764613191	-0.0348054007012	-0.0317332102176	-0.0602380200166	-0.0192220963792	-0.0180484452436	-0.01785315898	0.0628470148819	-0.0038572438781	-0.00659930036476	-0.0379998372069	-0.0245024836987	0.0157022646214	-0.0136468822961	-0.0233847988052	0.0199908333838	0.00754477966599	0.0056496232594	0.0466543966433	-0.00371425428967	0.000154957602582	0.0179469081553	-0.00164147968185	-0.00232051850697	-0.00795496661764	0.0154451411481	0.0141234898005	0.006100648525	0.00457718034468	0.0105573770635	0.00323625538443	-0.0120945700477	0.0114899852447	-0.00563141792212	-0.00511704365203	-0.0	0.0	0.0	0.0	0.0	0.0	0.0	0.0	0.0	0.0	0.0	0.0	0.0	0.0	0.0	0.0	0.0
h68M.1.418773	0.299579690441	0.0196218967136	-0.0362255373577	0.00487104006414	0.0828013327618	-0.0495586161008	-0.0459266195492	-0.0186362399427	0.0370533638624	0.00626674214886	-0.0146989774651	-0.0273060114195	-0.0517292949971	0.0352246339855	-0.0632551224759	0.0044493453862	-0.00845517716473	-0.0213016468746	0.03507296374	0.00517875278177	0.0341239322595	-0.0109361829778	-0.0267809808861	0.0216340679411	-0.0123273329828	-0.0189109213111	0.00696649697742	0.00576224239325	3.32126385681e-05	0.00652664108644	-0.00497283084983	0.0173838157942	-0.00709641486639	-0.00209503797661	0.0143016873512	0.0190080949727	-0.0115397399546	0.00490121159946	0.00741965683649	0.00409655351706	0.00121014322215	-0.0094840354161	-0.0059595007539	-0.0	0.0	0.0	0.0	0.0	0.0	0.0	0.0	0.0	0.0	0.0	0.0	0.0	0.0	0.0	0.0	0.0
h78M.1.418725	0.300135917692	0.0541723503702	-0.00438649431433	-0.0253945562935	0.0641582456115	0.0316576968045	-0.0174130329351	-0.0489942111516	-0.0443817334092	0.0311977060649	-0.0202537039978	0.0309649968334	-0.012853832865	0.0450562844053	-0.0102886438094	0.0293796760701	0.0173927534122	0.00189335367228	0.00160129143131	-0.037049886073	0.0113678322481	-0.0452164096261	0.0265051078581	0.0128406710696	-0.0199285073898	0.00283442781018	0.00783842936686	-0.01472342272	0.0110334351023	-0.0184400071324	0.00973400838164	-0.0180607856671	-0.0165734555417	0.002658931476	-0.00739999310693	-0.014621597938	0.0147121121528	-0.0192976571153	-4.79155875243e-06	0.0133655251648	0.000438040336514	0.0110843951774	0.002253281083	-0.0	0.0	0.0	0.0	0.0	0.0	0.0	0.0	0.0	0.0	0.0	0.0	0.0	0.0	0.0	0.0	0.0
h85M.1.418596	0.111405220235	0.0118439629101	0.0576566801217	0.00316178767384	0.00861405177319	-0.0413530858285	0.0446556572617	0.0800705516792	0.0325176488767	-0.0134020169036	0.00814464364577	0.0306175634794	-0.0316654117014	0.0174667468061	-0.0241291196836	-0.0309219317761	0.0188497301755	-0.00208682181474	0.0177649731141	0.0022156907241	0.0158818366106	-0.052036664069	7.46779549124e-06	0.00756670618118	-0.00604985362697	0.0325722734414	0.0168870169266	-0.0150092384497	0.00287617187658	-0.0105992292436	0.0028562469176	0.0125783093165	0.0198179653372	-0.0217438002573	0.0026283581723	-0.018081583988	-0.0115629489739	-0.00591482957956	-0.013518452787	-0.00548357272621	-0.0130205677445	-0.00915255973255	0.0063467488783	-0.0	0.0	0.0	0.0	0.0	0.0	0.0	0.0	0.0	0.0	0.0	0.0	0.0	0.0	0.0	0.0	0.0
h95M.1.418831	0.0949755105136	-0.149324890289	-0.044810598973	0.068874154746	-0.0666934342715	0.0336682761807	-0.0209504523985	-0.0617079703269	-0.0135501664505	-0.0123600894021	0.00101326506114	0.0239905725677	0.0115008252385	0.0400621520583	-0.00214503990529	-0.0113886306206	-0.0098079922692	-0.0340392422749	0.0141673460008	-0.0142577146523	-0.0100460346796	0.00301292348183	0.0292645819415	-0.00163940822007	0.00942373202289	0.0508324613393	-0.0151586157315	-0.00518423120282	0.00408926205435	-0.00111291567297	0.00720023561814	0.0199536769952	-0.00236693301825	0.0397617434225	0.00371546144165	-0.0214612763337	0.00207809577799	-0.00830257605831	-0.0089096415099	-0.0113847615122	0.00351115425413	0.00394164620134	0.000759539279649	-0.0	0.0	0.0	0.0	0.0	0.0	0.0	0.0	0.0	0.0	0.0	0.0	0.0	0.0	0.0	0.0	0.0
h9M.1.418588	0.248598910616	0.0245596511693	0.0148548199485	-0.040986951867	-0.0068556806192	-0.0371687966949	-0.0383898455332	0.0633006618614	-0.0994143646079	0.0697977584806	0.0290697949874	0.0479175227878	0.0283067050591	-0.0197724853714	-0.0180324875886	-0.0349819509766	-0.0242014738058	0.0390949905563	-0.0404130305795	-0.00683928103211	-0.0124401365455	0.00583055185041	-0.00913182974486	-0.0246752794269	0.0448416885304	-0.0243784400484	0.0116910149467	-0.00662960025684	0.00175430538581	0.00204926347698	0.0257358777337	0.0122510219342	-0.00751223395371	0.00426004393088	0.0120640205508	-0.00438206513495	0.00632853640871	0.0106001122979	0.00517845422769	-0.0147862911393	0.00569306352734	0.00267399536457	0.00587650391495	-0.0	0.0	0.0	0.0	0.0	0.0	0.0	0.0	0.0	0.0	0.0	0.0	0.0	0.0	0.0	0.0	0.0
k278A.2.418424	0.270132648981	0.0938952337514	-0.00318863588153	-0.200227102684	-0.0114653863472	-0.0095670239045	0.0302705461909	-0.0174783687597	-0.0409100609654	-0.0653210053441	0.0223379069829	-0.0682657671445	0.00436859477107	0.0123039503984	0.020245107545	-0.00842721941355	-0.0371289580496	-0.0166549288277	0.0365623908434	-0.00668653044488	-0.0152338628942	0.0142847860867	-0.00216833668425	0.0128478878564	0.00314131032938	-0.0209163845401	-0.00142045814032	0.00244298187707	-0.00121804034331	-0.0113116042899	-0.00223259017813	-0.0069276584663	-0.0107291832819	0.00399637664858	-0.00483251375968	0.00270502171722	0.00183255878002	-0.00821904788043	-0.0016288849025	0.00332121986154	0.00626484242402	-0.00047034574596	0.00184275194769	-0.0	0.0	0.0	0.0	0.0	0.0	0.0	0.0	0.0	0.0	0.0	0.0	0.0	0.0	0.0	0.0	0.0

Biplot	0	0

Site constraints	0	0
