	sequences per sample	iteration	Amz22chld.418485	Amz25chld.418466	Amz26chld.418481	Amz29adlt.418370	Amz2adltF.418633	Amz30adlt.418837	Amz32eldF.418511	Amz4adltF.418711	Amz4chldM2.418774	Amz5chldF1.418757	Amz5chldF2.418405	Amz5teenF.418519	Amz6chldM.418668	Amz6eldF.418597	Amz6eldM.418356	Amz7eldM.418423	TS1.418828	TS109.418691	TS111.418684	TS127.418550	TS129.418618	TS13.418619	TS163.418636	TS184.418577	TS193.418750	TS195.418848	TS25.418407	TS4.418810	TS7.418860	USchp18Mom.418783	USchp1Mom.418814	USchp25Child.418345	USchp25Mom.418780	USchp33ChildB.418578	USchp36Mom.418718	USchp3Child.418614	USchp3Mom.418727	USchp4Mom.418666	h101M.1.418586	h10M.1.418706	h122M.1.418534	h146M.1.418838	h147M.1.418531	h165M.1.418394	h186M.1.418788	h208M.1.418731	h235M.1.418489	h257M.1.418454	h264M.1.418377	h273M.1.418507	h279M.1.418530	h305M.1.418771	h37M.1.418863	h60M.1.418694	h68M.1.418773	h78M.1.418725	h85M.1.418596	h95M.1.418831	h9M.1.418588	k278A.2.418424
alpha_rarefaction_10_0.txt	10	0	55.0	23.0	55.0	13.0	23.0	29.0	23.0	29.0	23.0	55.0	55.0	55.0	29.0	29.0	55.0	23.0	55.0	55.0	13.0	23.0	55.0	29.0	23.0	55.0	55.0	55.0	23.0	13.0	55.0	55.0	55.0	29.0	23.0	29.0	55.0	55.0	23.0	23.0	13.0	55.0	13.0	55.0	23.0	55.0	55.0	55.0	23.0	23.0	55.0	55.0	29.0	16.0	23.0	55.0	29.0	23.0	29.0	9.0	29.0	55.0
alpha_rarefaction_10_1.txt	10	1	23.0	55.0	55.0	23.0	23.0	55.0	23.0	12.0	55.0	23.0	23.0	23.0	23.0	55.0	55.0	55.0	55.0	55.0	23.0	23.0	55.0	23.0	23.0	13.0	23.0	55.0	55.0	13.0	55.0	55.0	55.0	55.0	23.0	55.0	55.0	12.0	13.0	29.0	8.5	23.0	12.0	55.0	23.0	55.0	23.0	55.0	23.0	23.0	55.0	55.0	55.0	55.0	55.0	55.0	23.0	12.0	55.0	29.0	23.0	23.0
alpha_rarefaction_10_2.txt	10	2	55.0	55.0	55.0	29.0	23.0	13.0	55.0	23.0	23.0	55.0	23.0	55.0	55.0	55.0	23.0	23.0	55.0	13.0	55.0	23.0	23.0	55.0	55.0	55.0	23.0	23.0	55.0	55.0	23.0	13.0	23.0	55.0	55.0	23.0	55.0	23.0	23.0	23.0	13.0	55.0	23.0	55.0	23.0	23.0	23.0	23.0	55.0	55.0	13.0	23.0	55.0	55.0	55.0	55.0	23.0	29.0	55.0	23.0	55.0	23.0
alpha_rarefaction_10_3.txt	10	3	55.0	55.0	55.0	23.0	55.0	55.0	29.0	55.0	55.0	23.0	55.0	55.0	23.0	55.0	55.0	23.0	55.0	23.0	55.0	23.0	55.0	55.0	55.0	55.0	55.0	29.0	55.0	13.0	16.0	23.0	23.0	23.0	55.0	13.0	13.0	12.0	55.0	13.0	12.0	23.0	12.0	55.0	23.0	23.0	55.0	55.0	23.0	55.0	23.0	55.0	55.0	23.0	29.0	55.0	12.0	23.0	55.0	23.0	13.0	55.0
alpha_rarefaction_10_4.txt	10	4	55.0	29.0	23.0	29.0	55.0	55.0	55.0	55.0	23.0	55.0	55.0	55.0	55.0	23.0	13.0	23.0	29.0	55.0	55.0	23.0	55.0	29.0	55.0	55.0	13.0	55.0	23.0	13.0	55.0	55.0	55.0	23.0	55.0	23.0	55.0	55.0	23.0	55.0	13.0	55.0	55.0	55.0	23.0	13.0	55.0	23.0	55.0	55.0	55.0	23.0	55.0	23.0	55.0	55.0	23.0	55.0	55.0	23.0	55.0	55.0
alpha_rarefaction_10_5.txt	10	5	55.0	23.0	23.0	55.0	29.0	23.0	55.0	55.0	55.0	55.0	55.0	55.0	55.0	55.0	13.0	29.0	55.0	55.0	23.0	55.0	55.0	55.0	23.0	55.0	23.0	23.0	23.0	13.0	55.0	55.0	55.0	23.0	23.0	55.0	55.0	55.0	55.0	12.0	29.0	55.0	23.0	23.0	13.0	13.0	23.0	23.0	55.0	23.0	22.0	55.0	55.0	23.0	23.0	23.0	55.0	55.0	55.0	55.0	13.0	55.0
alpha_rarefaction_10_6.txt	10	6	55.0	23.0	55.0	55.0	23.0	55.0	23.0	23.0	13.0	23.0	55.0	55.0	55.0	23.0	55.0	55.0	23.0	13.0	55.0	55.0	23.0	55.0	55.0	13.0	55.0	23.0	55.0	23.0	55.0	13.0	55.0	23.0	55.0	55.0	55.0	55.0	55.0	55.0	55.0	55.0	29.0	55.0	23.0	55.0	23.0	23.0	23.0	55.0	55.0	55.0	55.0	55.0	23.0	23.0	23.0	23.0	55.0	55.0	23.0	55.0
alpha_rarefaction_10_7.txt	10	7	55.0	55.0	55.0	55.0	55.0	23.0	55.0	23.0	23.0	12.0	23.0	55.0	55.0	23.0	55.0	23.0	23.0	55.0	55.0	55.0	23.0	55.0	55.0	55.0	23.0	55.0	55.0	29.0	55.0	23.0	55.0	55.0	13.0	55.0	55.0	55.0	23.0	23.0	55.0	23.0	23.0	55.0	23.0	55.0	55.0	55.0	23.0	13.0	29.0	8.5	55.0	55.0	55.0	55.0	55.0	12.0	55.0	13.0	55.0	55.0
alpha_rarefaction_10_8.txt	10	8	55.0	55.0	55.0	23.0	16.0	55.0	29.0	55.0	55.0	55.0	55.0	55.0	55.0	55.0	55.0	55.0	23.0	23.0	55.0	55.0	55.0	55.0	55.0	55.0	23.0	23.0	55.0	55.0	55.0	23.0	23.0	23.0	13.0	55.0	55.0	29.0	23.0	55.0	23.0	8.5	29.0	55.0	55.0	29.0	55.0	55.0	55.0	23.0	55.0	55.0	12.0	55.0	23.0	55.0	29.0	55.0	23.0	55.0	55.0	55.0
alpha_rarefaction_10_9.txt	10	9	23.0	55.0	23.0	23.0	16.0	55.0	23.0	55.0	55.0	29.0	13.0	13.0	55.0	55.0	55.0	55.0	23.0	55.0	55.0	55.0	23.0	23.0	55.0	55.0	23.0	23.0	55.0	55.0	55.0	55.0	55.0	23.0	55.0	22.0	55.0	55.0	55.0	23.0	55.0	23.0	29.0	55.0	55.0	23.0	55.0	13.0	29.0	23.0	55.0	55.0	55.0	55.0	55.0	23.0	23.0	23.0	55.0	55.0	55.0	23.0
alpha_rarefaction_59_0.txt	59	0	170.5	252.0	309.75	250.0	210.5	124.75	219.2	181.25	200.5	184.6	249.0	242.0	157.625	139.5	93.6	135.666666667	210.5	147.428571429	116.363636364	249.0	231.25	136.5	178.2	186.6	320.333333333	178.2	110.0	77.8571428571	152.857142857	90.2	101.0	87.25	86.25	92.0	170.5	146.75	96.8	94.0	375.0	151.857142857	65.25	320.333333333	133.0	154.2	278.6	435.0	134.875	176.2	163.166666667	253.0	80.875	125.111111111	104.0	200.5	105.5	173.0	170.5	138.2	241.0	99.125
alpha_rarefaction_59_1.txt	59	1	129.25	250.0	322.25	201.0	145.6	147.428571429	116.428571429	212.0	111.5	153.2	228.6	258.0	175.75	118.2	231.25	278.6	151.5	133.0	522.0	148.0	175.75	184.666666667	123.75	117.5	107.666666667	150.0	134.875	135.5	152.857142857	90.2	118.375	81.875	118.428571429	86.0	150.0	111.857142857	200.5	96.0	385.0	140.142857143	128.5	140.625	85.5	210.5	224.5	263.25	149.0	140.142857143	278.333333333	118.375	476.5	170.5	123.666666667	128.0	129.0	80.0	178.0	135.5	305.0	114.125
alpha_rarefaction_59_2.txt	59	2	231.25	151.5	140.625	395.0	101.0	224.5	165.142857143	89.3333333333	113.857142857	177.2	224.5	221.2	200.5	123.142857143	200.5	140.625	184.666666667	309.75	186.142857143	248.0	141.142857143	182.25	104.5	124.75	75.1666666667	93.0	784.0	202.0	252.0	174.0	99.125	119.375	90.3333333333	66.625	239.2	112.5	338.5	104.666666667	242.0	154.2	101.0	304.0	189.75	163.166666667	239.2	172.0	335.0	177.2	151.5	159.428571429	65.0	129.0	170.0	169.0	209.5	132.0	141.142857143	292.0	123.142857143	91.75
alpha_rarefaction_59_3.txt	59	3	112.5	221.2	220.2	139.142857143	200.5	82.5454545455	203.0	185.6	152.857142857	119.2	166.142857143	155.0	147.428571429	83.4285714286	134.875	263.25	179.0	135.5	224.5	152.857142857	522.0	150.0	135.5	135.5	185.6	178.2	113.857142857	122.666666667	186.6	164.0	93.0	135.0	95.375	77.8571428571	194.2	127.0	349.0	88.75	217.0	379.0	139.2	231.25	278.333333333	251.0	141.142857143	292.0	230.25	318.5	200.5	445.0	102.0	119.375	186.6	231.25	132.5	135.0	143.166666667	104.0	86.25	129.25
alpha_rarefaction_59_4.txt	59	4	157.625	129.25	297.5	333.0	172.0	224.5	332.0	338.5	156.0	292.0	220.2	202.0	184.666666667	107.428571429	157.625	108.428571429	105.5	119.375	224.5	249.0	286.5	224.5	211.0	169.0	118.375	212.0	157.625	132.0	163.166666667	51.4285714286	117.428571429	118.375	90.75	111.5	152.857142857	140.142857143	254.0	78.8571428571	171.0	169.0	118.2	170.0	112.125	119.375	310.0	143.166666667	229.6	92.0	186.142857143	177.0	69.5	157.625	186.6	319.333333333	98.1111111111	154.25	239.2	249.0	136.5	104.0
alpha_rarefaction_59_5.txt	59	5	224.5	273.75	200.5	202.0	287.0	616.0	127.0	184.666666667	117.428571429	133.875	159.428571429	149.0	428.0	163.0	157.625	142.166666667	130.0	169.5	249.0	155.0	250.0	67.0833333333	134.0	114.125	170.0	230.25	100.125	434.0	184.666666667	49.0	241.0	83.4285714286	221.2	67.0	117.428571429	161.0	306.0	180.25	219.75	219.75	107.2	242.0	135.5	130.0	140.625	364.333333333	134.5	86.25	179.0	252.0	122.142857143	102.666666667	101.0	182.25	241.0	100.1	147.428571429	94.375	93.6666666667	78.625
alpha_rarefaction_59_6.txt	59	6	113.6	124.142857143	221.2	176.2	172.0	134.875	308.75	203.0	249.0	149.0	170.5	267.0	184.666666667	174.0	163.166666667	207.666666667	297.5	165.142857143	322.25	334.0	186.142857143	499.5	203.0	104.0	162.0	263.25	159.428571429	88.1428571429	241.0	100.0	89.3333333333	93.0	154.2	172.333333333	360.25	169.0	287.0	170.333333333	194.0	200.5	129.5	178.0	129.0	152.857142857	104.272727273	178.2	155.0	90.75	172.0	151.333333333	148.0	148.6	121.2	114.125	107.333333333	192.5	152.857142857	163.166666667	162.0	118.3
alpha_rarefaction_59_7.txt	59	7	140.625	113.6	207.428571429	178.2	138.2	159.428571429	394.0	106.428571429	136.5	210.5	252.0	133.875	184.666666667	118.5	170.5	265.0	207.666666667	278.333333333	157.625	297.5	175.75	132.0	216.0	338.5	173.0	194.2	123.142857143	163.0	364.333333333	86.0	136.5	91.1666666667	154.25	161.0	306.0	182.25	334.0	94.0	435.0	123.142857143	93.25	262.25	123.75	199.5	200.5	212.0	192.5	154.2	200.5	159.428571429	252.0	194.2	178.0	264.0	118.428571429	142.166666667	224.5	163.0	161.0	159.428571429
alpha_rarefaction_59_8.txt	59	8	321.25	364.333333333	159.428571429	219.2	214.0	170.5	717.0	395.0	567.5	194.2	112.857142857	170.0	364.333333333	155.0	124.75	192.5	380.0	194.2	186.142857143	166.142857143	285.5	334.0	380.0	220.2	154.2	135.0	239.2	134.875	242.0	71.1428571429	130.5	101.0	129.0	101.0	200.5	194.2	123.666666667	90.75	143.166666667	178.2	414.5	169.5	162.0	110.857142857	134.875	279.333333333	194.2	117.5	184.666666667	320.333333333	82.4285714286	152.857142857	140.625	210.5	339.5	153.2	185.6	155.0	993.0	156.0
alpha_rarefaction_59_9.txt	59	9	263.25	322.25	207.666666667	133.5	181.25	157.625	193.2	128.0	241.333333333	265.0	395.0	139.625	350.0	171.0	156.0	87.25	170.5	190.75	258.0	228.6	194.2	178.2	220.2	210.5	141.142857143	498.5	143.166666667	76.625	230.25	48.0	82.875	186.6	140.2	133.0	285.5	240.333333333	113.125	105.2	95.375	231.25	146.75	220.2	170.0	79.0	242.0	242.0	177.0	117.5	263.25	186.6	139.2	100.125	97.0	263.25	86.25	136.5	141.142857143	100.0	178.2	108.428571429
alpha_rarefaction_108_0.txt	108	0	200.214285714	200.214285714	191.545454545	263.111111111	187.5	319.363636364	238.3	243.111111111	230.0	239.25	274.0	167.8125	334.111111111	279.625	331.0	180.363636364	393.625	187.5	290.153846154	269.090909091	435.5	366.0	335.428571429	155.5	219.090909091	379.0	258.625	320.0	405.428571429	214.666666667	147.1	178.8	179.25	356.0	292.083333333	168.545454545	237.0	119.0	324.666666667	292.5	238.0	278.6	163.0	325.666666667	291.090909091	274.3	194.461538462	241.111111111	232.6	232.545454545	305.5	281.333333333	172.083333333	326.666666667	270.5	189.333333333	218.0625	248.142857143	144.214285714	196.142857143
alpha_rarefaction_108_1.txt	108	1	311.111111111	188.230769231	406.428571429	210.0	498.75	326.5	182.0	230.0	311.8	133.714285714	444.25	293.0	616.666666667	330.0	261.0	195.071428571	339.0	268.090909091	349.090909091	248.0	879.0	217.333333333	160.461538462	241.111111111	266.1	269.5	313.375	194.272727273	214.0	165.625	230.545454545	253.0	229.375	167.5	224.111111111	166.5	288.6	125.363636364	279.333333333	216.333333333	131.461538462	241.75	112.235294118	593.2	281.6	365.75	362.75	211.0	254.076923077	483.5	203.111111111	196.75	197.666666667	199.125	214.666666667	172.25	249.909090909	378.0	144.214285714	177.25
alpha_rarefaction_108_2.txt	108	2	347.8	414.0	365.75	341.6	303.5	208.0	240.928571429	244.1	226.272727273	250.333333333	178.647058824	172.0	404.5	543.0	361.111111111	294.0	169.076923077	248.333333333	404.5	209.615384615	486.0	156.083333333	315.428571429	134.75	201.6	184.4	204.6	171.909090909	249.0	130.75	242.111111111	219.125	154.5	177.0	258.0	144.090909091	325.857142857	187.5	356.166666667	287.0	170.875	325.857142857	426.0	223.5	230.5	427.0	256.666666667	223.375	282.6	247.1	315.75	151.555555556	390.166666667	254.625	150.153846154	199.6	297.272727273	267.090909091	454.0	186.833333333
alpha_rarefaction_108_3.txt	108	3	242.75	218.0625	288.111111111	293.25	254.625	454.75	317.333333333	217.583333333	378.0	659.0	437.0	301.0	220.090909091	265.111111111	352.333333333	212.0	236.583333333	270.666666667	326.5	309.909090909	472.0	201.153846154	288.111111111	270.666666667	533.166666667	265.111111111	227.0	213.333333333	205.0	166.625	151.25	125.076923077	146.1	131.1	256.545454545	277.5	209.857142857	240.166666667	144.090909091	231.6	180.75	251.333333333	217.333333333	273.428571429	454.75	329.0	286.111111111	204.0	348.125	281.6	210.0	240.3	186.0	263.272727273	152.0	226.0	392.166666667	147.571428571	303.0	185.833333333
alpha_rarefaction_108_4.txt	108	4	550.2	219.769230769	594.2	433.5	176.0	237.214285714	232.6	413.2	185.0	200.6	295.5	246.875	352.333333333	191.666666667	279.333333333	174.0	249.142857143	204.0	190.625	236.909090909	283.0	199.214285714	288.111111111	248.333333333	329.0	185.0	218.333333333	181.6	456.666666667	218.5	232.6	144.0	116.583333333	191.375	389.166666667	203.428571429	307.5	155.5	196.272727273	179.0	122.3	268.25	225.272727273	185.833333333	381.6	208.0	179.363636364	232.75	219.5	374.25	134.769230769	208.0	190.5	207.0	212.0	176.8	170.4	400.5	166.5	225.0
alpha_rarefaction_108_5.txt	108	5	248.0	227.375	357.375	307.8	263.857142857	296.5	267.090909091	285.875	330.0	339.0	384.428571429	415.142857143	535.166666667	214.0	214.0	356.2	278.625	258.0	260.75	310.8	265.111111111	395.857142857	549.2	205.8	348.5	440.0	146.5	189.375	320.125	137.0	234.0	141.833333333	345.0	223.0	360.111111111	191.5	262.5	151.0	156.5	375.0	255.0	448.142857143	314.375	398.5	284.0	249.0	288.090909091	223.375	242.0	236.909090909	147.625	162.071428571	270.166666667	231.75	203.0	261.857142857	425.666666667	179.0	175.25	231.6
alpha_rarefaction_108_6.txt	108	6	166.714285714	378.0	236.076923077	391.625	194.75	366.75	338.6	263.5	318.428571429	193.5	403.5	308.8	330.0	158.461538462	340.0	169.545454545	295.25	310.142857143	326.666666667	325.666666667	340.272727273	389.166666667	240.3	173.909090909	248.333333333	306.5	202.333333333	181.111111111	273.3	137.0	225.142857143	240.25	205.0	224.0	250.333333333	344.142857143	228.0	214.333333333	452.0	280.6	189.375	221.5	223.111111111	261.0	220.5	201.333333333	184.909090909	223.142857143	329.0	385.428571429	227.0	251.333333333	214.0	182.909090909	168.545454545	172.0	349.125	201.6	220.125	192.5
alpha_rarefaction_108_7.txt	108	7	252.0	217.333333333	231.5	327.0	206.857142857	148.666666667	735.0	355.375	202.333333333	312.375	364.75	185.833333333	360.111111111	232.0	257.545454545	225.461538462	294.0	224.272727273	336.076923077	390.166666667	276.0	296.5	394.625	266.1	394.857142857	471.0	188.230769231	354.0	338.0	141.0	221.111111111	140.928571429	204.111111111	161.857142857	351.333333333	208.8	274.428571429	239.6	278.333333333	142.214285714	111.5	208.714285714	386.75	203.111111111	231.571428571	246.1	295.0	239.0	204.153846154	280.6	216.428571429	179.0	121.0	252.0	214.0	148.0	295.5	211.1	270.166666667	148.5625
alpha_rarefaction_108_8.txt	108	8	209.0	257.545454545	165.866666667	1585.5	221.111111111	225.5	246.909090909	218.090909091	312.375	426.0	407.0	181.5	259.230769231	245.1	593.2	164.4375	202.153846154	224.5	405.5	235.583333333	482.428571429	273.3	377.0	206.8	396.857142857	249.142857143	226.111111111	171.1	259.0	194.142857143	178.0	205.111111111	236.5	201.428571429	242.75	325.666666667	423.75	225.375	681.0	211.0	157.333333333	309.375	317.333333333	202.111111111	542.428571429	133.588235294	244.111111111	242.111111111	317.333333333	295.0	149.3	264.111111111	176.25	378.0	212.0	287.0	309.8	325.666666667	213.0	223.5
alpha_rarefaction_108_9.txt	108	9	226.461538462	272.833333333	350.125	352.375	186.0	208.0	236.3	326.666666667	203.0	178.363636364	468.857142857	384.875	225.461538462	148.5	215.153846154	345.142857143	353.0	300.0	242.0	218.090909091	235.866666667	278.333333333	160.461538462	156.5	338.0	195.5	366.75	219.111111111	300.0	187.2	319.0	453.0	217.125	161.857142857	225.0	223.142857143	150.153846154	210.0	244.1	367.0	263.0	172.0	221.111111111	291.0	399.1	406.428571429	293.5	293.25	309.8	318.333333333	177.25	159.090909091	220.5	170.083333333	190.545454545	272.428571429	266.25	174.214285714	206.0	170.428571429
alpha_rarefaction_157_0.txt	157	0	411.583333333	322.0	248.352941176	365.769230769	310.545454545	245.157894737	355.75	363.0	326.076923077	200.235294118	297.894736842	233.4	258.0	340.5	612.111111111	311.1	418.0	292.066666667	290.0	389.153846154	314.5625	318.0	519.0	357.090909091	371.0	490.333333333	384.25	212.352941176	381.090909091	144.272727273	249.928571429	247.3	219.75	331.857142857	469.5	314.0	318.8	312.545454545	277.066666667	404.1	340.0	378.0	292.0	439.333333333	360.833333333	368.769230769	261.571428571	299.0	344.833333333	612.0	185.666666667	230.0	325.076923077	290.615384615	280.5	149.058823529	397.5	282.0	230.666666667	184.75
alpha_rarefaction_157_1.txt	157	1	367.333333333	329.4	353.666666667	337.0	232.0	257.15	746.25	206.55	293.928571429	238.625	324.071428571	350.25	367.769230769	269.5	357.0	244.625	287.153846154	309.1	201.857142857	453.6	646.111111111	279.769230769	339.0	228.0	727.5	650.5	199.5	300.083333333	486.083333333	198.272727273	256.0	190.3125	344.0	149.1	265.235294118	211.428571429	214.714285714	295.0	217.333333333	243.214285714	296.090909091	434.1	299.083333333	364.333333333	294.75	397.545454545	283.714285714	283.333333333	395.769230769	303.5	167.071428571	236.0	285.0	262.25	244.076923077	230.0	314.666666667	313.666666667	311.461538462	289.153846154
alpha_rarefaction_157_2.txt	157	2	311.0	317.25	348.0	433.1	271.111111111	445.75	301.2	388.6	337.428571429	409.1	251.636363636	372.0	395.066666667	303.272727273	335.428571429	343.545454545	308.4	480.111111111	478.25	343.214285714	301.5	302.083333333	319.230769231	295.214285714	414.666666667	442.3	209.588235294	247.928571429	228.666666667	283.5	421.5	153.615384615	202.272727273	264.666666667	389.714285714	242.076923077	261.333333333	233.0	256.0	398.3	233.545454545	645.75	323.076923077	290.0	427.0	396.5	368.071428571	338.0	396.545454545	311.176470588	240.75	183.909090909	251.0	236.0	207.1875	207.0	263.05	449.25	273.2	228.583333333
alpha_rarefaction_157_3.txt	157	3	610.625	335.428571429	325.071428571	326.714285714	302.25	371.071428571	343.833333333	377.0	420.75	411.230769231	347.0	320.0	347.555555556	297.0	307.571428571	412.666666667	245.866666667	331.5	621.666666667	302.2	528.6	276.571428571	256.0	278.571428571	419.076923077	411.5	284.833333333	274.769230769	340.4	226.5	275.25	181.428571429	234.0	278.5	550.1	316.111111111	310.0	184.0	340.0	220.473684211	250.714285714	244.5	194.0	266.75	348.588235294	282.833333333	325.076923077	216.75	226.652173913	665.428571429	402.857142857	216.428571429	485.125	398.3	339.545454545	240.076923077	282.15	202.473684211	344.111111111	352.666666667
alpha_rarefaction_157_4.txt	157	4	359.75	386.583333333	443.076923077	297.2	205.214285714	304.2	568.0	250.588235294	204.285714286	356.75	227.333333333	290.0	278.526315789	339.545454545	330.4	297.066666667	344.833333333	215.352941176	420.076923077	282.789473684	559.5	302.2	534.333333333	395.5	358.8	420.5	321.8	144.055555556	348.25	166.0	199.5	245.909090909	214.428571429	533.5	297.066666667	519.0	325.363636364	306.0	325.6	393.545454545	206.428571429	402.909090909	293.0	263.571428571	484.615384615	355.0	448.090909091	217.75	208.55	302.5	242.583333333	261.333333333	288.0	392.875	316.8	206.333333333	406.909090909	326.714285714	443.333333333	203.235294118
alpha_rarefaction_157_5.txt	157	5	339.176470588	303.352941176	339.4375	338.214285714	279.3	283.555555556	314.5	342.833333333	295.588235294	296.214285714	453.111111111	468.5	691.333333333	200.071428571	322.0	303.571428571	311.545454545	286.5	303.5	328.25	522.666666667	426.0	288.5	364.375	559.875	473.375	261.333333333	343.0	384.0	189.6	285.333333333	259.909090909	290.6	262.625	291.5	429.666666667	223.058823529	432.0	191.0	228.0625	168.0	303.571428571	180.0	336.0	466.0	232.1875	296.0	276.3	317.5	289.105263158	225.090909091	406.909090909	222.75	525.375	250.75	293.0	401.2	259.571428571	276.25	195.0
alpha_rarefaction_157_6.txt	157	6	413.666666667	320.6875	527.375	324.4	338.545454545	305.2	446.090909091	371.0	269.4	237.375	312.5625	435.333333333	327.875	356.125	314.058823529	236.0	343.5	212.0625	551.090909091	991.5	400.071428571	267.8125	679.142857143	342.545454545	561.857142857	311.1	256.0	283.5	625.666666667	234.0	312.1	219.0	148.928571429	503.75	296.066666667	205.0	289.0	160.0	271.25	266.4	245.3	403.5	217.714285714	201.0	289.235294118	233.166666667	301.2	245.052631579	652.857142857	397.769230769	197.333333333	281.769230769	329.25	306.0	266.5	294.090909091	260.882352941	281.153846154	288.0	294.0
alpha_rarefaction_157_7.txt	157	7	398.545454545	277.526315789	286.0	415.75	198.066666667	245.176470588	387.714285714	327.714285714	279.769230769	409.5	347.076923077	221.454545455	320.833333333	455.5	442.076923077	310.0	359.4	250.3125	360.461538462	427.545454545	318.230769231	304.769230769	624.666666667	228.5	420.5	325.076923077	281.066666667	302.272727273	410.0	274.428571429	422.5	250.363636364	195.833333333	286.333333333	354.666666667	195.0	251.363636364	243.0	328.0	377.0	234.5	272.117647059	204.75	311.1	512.2	363.3125	382.428571429	219.0	322.0	502.909090909	620.25	154.619047619	382.090909091	377.090909091	223.4	215.714285714	252.055555556	344.272727273	299.090909091	243.6
alpha_rarefaction_157_8.txt	157	8	404.461538462	370.9375	377.214285714	492.0	409.666666667	329.714285714	430.545454545	543.166666667	251.4	302.352941176	291.6875	363.333333333	282.789473684	274.25	412.583333333	533.0	507.5	573.428571429	454.25	315.473684211	534.333333333	297.5625	391.272727273	317.0	396.545454545	349.6	195.8	936.0	584.5	225.111111111	165.058823529	199.545454545	239.230769231	406.6	298.588235294	237.230769231	386.272727273	240.6	234.375	301.769230769	322.333333333	286.714285714	311.75	223.058823529	300.894736842	480.111111111	397.2	238.6	387.583333333	439.272727273	168.866666667	211.588235294	390.6	397.3	211.428571429	224.0625	336.428571429	316.909090909	268.75	223.153846154
alpha_rarefaction_157_9.txt	157	9	268.555555556	423.909090909	332.0	365.333333333	217.0	391.272727273	426.0	310.5625	462.0	379.615384615	319.0	506.0	510.363636364	318.230769231	323.0	306.769230769	222.473684211	309.0	434.928571429	481.1	534.333333333	246.214285714	350.6	223.058823529	403.5	406.333333333	237.0	399.625	508.5	212.666666667	269.2	263.666666667	348.0	275.5	299.894736842	260.076923077	344.833333333	196.5	681.2	261.25	188.9375	386.583333333	306.4	295.090909091	657.0	461.0	277.571428571	924.0	381.615384615	373.0	184.0	199.647058824	248.928571429	283.0	155.0	361.0	344.5	350.25	186.647058824	223.071428571
alpha_rarefaction_206_0.txt	206	0	449.058823529	486.333333333	540.071428571	359.882352941	342.545454545	508.875	390.954545455	584.0	339.058823529	337.714285714	329.833333333	285.5	409.666666667	367.0	416.25	458.090909091	383.625	464.833333333	343.038461538	427.476190476	535.5	439.0	411.5	495.083333333	426.058823529	518.111111111	332.666666667	303.214285714	501.0	223.2	435.0	246.315789474	335.333333333	223.75	459.0	314.5	292.3	305.2	362.75	268.052631579	290.153846154	437.0	562.0	312.4	416.5	352.8125	483.8125	354.666666667	487.066666667	584.8125	361.090909091	297.0	258.0	348.157894737	390.428571429	272.75	336.142857143	352.071428571	309.153846154	261.3125
alpha_rarefaction_206_1.txt	206	1	453.055555556	373.55	354.565217391	316.333333333	280.066666667	357.555555556	427.1875	381.117647059	410.2	480.090909091	419.166666667	285.5	605.545454545	768.428571429	375.052631579	341.636363636	464.5	337.866666667	380.5	436.214285714	335.666666667	500.153846154	312.368421053	266.333333333	481.2	436.4	302.473684211	553.25	386.5	326.6	338.0	200.117647059	318.461538462	328.071428571	375.055555556	422.0	503.0	233.0625	391.055555556	251.157894737	186.55	284.0	377.071428571	281.315789474	486.235294118	539.5	453.75	224.454545455	669.090909091	484.235294118	277.5	287.526315789	299.5	426.0	246.058823529	330.0	462.3125	326.0	274.8125	444.1
alpha_rarefaction_206_2.txt	206	2	451.055555556	373.55	477.166666667	359.0	278.5	302.5	359.333333333	272.142857143	335.3	395.714285714	536.055555556	335.142857143	333.954545455	314.333333333	309.045454545	421.0	587.769230769	416.666666667	365.391304348	357.956521739	460.0	340.125	427.571428571	401.066666667	747.333333333	483.25	641.333333333	271.555555556	716.25	259.909090909	215.772727273	295.5	210.285714286	395.428571429	436.214285714	281.4375	315.894736842	340.0	394.583333333	325.0	275.2	430.555555556	401.5	387.75	432.894736842	414.4	259.636363636	376.0	407.0	451.4	355.272727273	214.0	350.214285714	409.5	252.866666667	247.75	315.136363636	371.333333333	263.882352941	310.2
alpha_rarefaction_206_3.txt	206	3	451.4	332.285714286	332.714285714	444.625	312.4	283.64	651.076923077	389.954545455	326.6875	314.8	397.0	488.066666667	378.285714286	361.0	340.9	537.545454545	323.454545455	330.666666667	382.5	379.285714286	817.0	389.615384615	403.769230769	364.0	454.176470588	391.055555556	328.833333333	309.176470588	440.375	494.428571429	402.5	275.230769231	429.111111111	402.3	322.058823529	203.0	326.076923077	152.619047619	322.5625	265.0	246.866666667	353.555555556	349.5	495.928571429	577.4375	637.909090909	310.666666667	366.0	614.5	497.928571429	303.090909091	288.117647059	263.588235294	536.333333333	486.1	272.157894737	469.75	535.545454545	281.4375	315.4
alpha_rarefaction_206_4.txt	206	4	395.055555556	437.0	394.428571429	299.730769231	264.25	380.5	474.25	350.5	353.8125	382.315789474	313.076923077	313.076923077	440.375	377.066666667	509.769230769	541.545454545	410.2	458.25	629.5	540.071428571	814.333333333	380.333333333	357.071428571	288.3	595.272727273	260.3	334.0	383.090909091	522.0	237.272727273	248.75	310.769230769	242.0	188.3125	481.8125	297.928571429	357.230769231	573.0	485.1	442.0	297.153846154	402.0625	291.235294118	268.333333333	306.730769231	475.25	412.461538462	352.6	260.869565217	596.272727273	516.125	304.473684211	643.25	340.5	251.9375	324.0	406.0625	325.0	292.0	268.571428571
alpha_rarefaction_206_5.txt	206	5	305.0	390.55	523.0	431.473684211	347.5	636.461538462	450.055555556	352.352941176	314.4	309.666666667	378.647058824	665.6	401.789473684	302.588235294	410.588235294	344.5	367.833333333	275.5	588.666666667	497.928571429	403.8	407.473684211	310.666666667	255.4	379.333333333	383.214285714	390.75	212.894736842	564.214285714	216.0625	306.5625	349.545454545	311.5	321.8	352.5	293.0	251.0	400.545454545	476.5	408.5	359.8	410.461538462	489.1	349.5	540.666666667	297.5	357.071428571	407.5	386.625	443.866666667	327.071428571	312.476190476	279.4375	343.176470588	284.647058824	417.363636364	329.260869565	346.214285714	261.0	222.3
alpha_rarefaction_206_6.txt	206	6	289.136363636	408.588235294	377.9375	434.0	228.333333333	348.315789474	335.272727273	313.894736842	262.714285714	351.352941176	310.476190476	369.0	737.666666667	485.1	369.65	292.235294118	947.666666667	441.0	392.217391304	431.555555556	646.75	698.333333333	375.2	398.6	567.230769231	348.214285714	468.5	274.2	356.0	168.058823529	232.142857143	254.214285714	282.25	425.0	319.041666667	331.076923077	471.0	402.5	404.2	365.461538462	265.333333333	434.0	284.571428571	297.0	462.772727273	317.041666667	525.909090909	368.769230769	497.125	398.789473684	256.363636364	246.375	342.866666667	370.0	946.0	320.0	492.714285714	525.909090909	567.5	255.9375
alpha_rarefaction_206_7.txt	206	7	499.125	506.647058824	558.25	556.25	254.0	304.730769231	503.0	301.588235294	481.571428571	401.0625	472.055555556	381.117647059	353.24	395.714285714	580.461538462	341.866666667	362.8	423.0625	483.0	392.526315789	452.055555556	279.047619048	321.473684211	343.4375	482.153846154	454.571428571	258.0	313.4	373.055555556	204.75	329.083333333	363.8	314.0	242.230769231	436.4	321.5	378.066666667	277.461538462	281.526315789	264.954545455	237.375	368.235294118	292.875	362.75	587.8125	293.047619048	297.5	479.090909091	385.625	494.615384615	239.375	364.0	300.882352941	274.0	385.75	346.4	377.647058824	515.461538462	337.076923077	196.65
alpha_rarefaction_206_8.txt	206	8	391.647058824	476.25	354.352941176	574.461538462	256.055555556	405.0625	421.368421053	414.5	377.5	363.0	341.9	322.130434783	515.555555556	331.363636364	394.055555556	405.769230769	355.555555556	330.0	414.0	452.9375	617.909090909	437.375	455.090909091	259.4	316.894736842	269.235294118	299.6875	354.25	386.625	315.0	224.894736842	340.666666667	326.0	263.076923077	302.75	488.272727273	273.4	446.875	277.833333333	274.142857143	180.052631579	389.55	309.571428571	298.5625	391.315789474	362.0	377.071428571	285.789473684	464.5	417.352941176	474.375	402.066666667	275.8125	447.058823529	327.230769231	385.75	361.555555556	335.714285714	300.473684211	195.44
alpha_rarefaction_206_9.txt	206	9	382.333333333	507.0	404.105263158	355.052631579	390.583333333	283.217391304	388.526315789	556.090909091	289.555555556	292.0	398.0	254.884615385	464.352941176	347.352941176	339.526315789	647.545454545	513.571428571	334.714285714	496.15	864.333333333	452.055555556	274.217391304	412.555555556	359.666666667	399.066666667	375.071428571	331.0	386.428571429	529.230769231	211.214285714	232.8	325.8	313.272727273	259.0	496.083333333	570.0	466.0	324.111111111	346.833333333	233.789473684	290.0	331.666666667	365.090909091	299.882352941	450.166666667	378.9375	467.833333333	415.363636364	394.1875	438.4	484.1	418.583333333	387.0	526.5	286.555555556	311.4	361.0	303.588235294	403.545454545	293.235294118
alpha_rarefaction_255_0.txt	255	0	580.125	372.166666667	542.3	544.136363636	270.565217391	544.272727273	683.352941176	436.3	421.894736842	437.473684211	434.476190476	473.0	441.84	403.153846154	420.5	501.066666667	557.058823529	312.25	421.037037037	498.0	360.037037037	460.055555556	377.235294118	267.034482759	550.75	782.1	451.866666667	332.789473684	582.058823529	292.0	297.875	496.1	488.153846154	685.142857143	750.0	325.055555556	382.157894737	334.875	341.434782609	348.416666667	252.391304348	409.652173913	560.090909091	397.526315789	334.516129032	393.181818182	440.0	341.058823529	403.047619048	636.714285714	360.666666667	353.315789474	425.166666667	452.625	382.647058824	394.428571429	447.0	362.25	339.3	228.954545455
alpha_rarefaction_255_1.txt	255	1	551.666666667	293.724137931	586.058823529	422.25	312.368421053	518.166666667	490.333333333	622.5	308.285714286	445.105263158	748.615384615	584.4375	394.2	517.0	443.636363636	398.217391304	544.055555556	391.315789474	505.956521739	479.75	590.789473684	417.0	391.5	679.75	571.0	354.045454545	310.130434783	279.454545455	492.333333333	377.0	336.105263158	439.111111111	371.0	478.0	500.375	305.142857143	532.5	339.25	397.55	445.105263158	359.25	366.166666667	714.8	340.125	540.2	455.181818182	606.071428571	338.3	480.75	433.043478261	314.571428571	304.047619048	246.538461538	526.5625	339.789473684	358.052631579	468.142857143	308.416666667	374.714285714	343.076923077
alpha_rarefaction_255_2.txt	255	2	585.4375	459.130434783	675.666666667	442.0	377.647058824	464.055555556	434.357142857	431.55	469.3125	486.0	374.037037037	464.142857143	492.0	537.076923077	599.25	360.565217391	544.055555556	409.0	631.833333333	464.526315789	504.714285714	354.142857143	360.8125	411.588235294	556.4	388.315789474	467.0	285.526315789	572.833333333	508.666666667	296.15	342.789473684	347.0	605.5	514.272727273	333.666666667	428.0	552.111111111	340.3	321.272727273	382.066666667	479.142857143	467.230769231	330.833333333	695.473684211	514.166666667	428.285714286	281.047619048	353.913043478	522.555555556	324.5	473.315789474	489.571428571	343.272727273	345.619047619	335.789473684	397.5	352.625	458.058823529	399.615384615
alpha_rarefaction_255_3.txt	255	3	587.105263158	356.111111111	672.666666667	379.052631579	352.8125	505.714285714	613.260869565	437.3	310.730769231	488.235294118	661.0625	482.545454545	321.25	583.0	342.823529412	461.9375	355.12	1044.0	512.636363636	389.454545455	343.041666667	521.066666667	414.588235294	517.066666667	372.037037037	575.230769231	389.157894737	344.315789474	469.619047619	226.0	356.352941176	245.4	236.105263158	331.076923077	552.894736842	357.555555556	414.555555556	300.0	594.666666667	592.0	337.4	611.555555556	433.076923077	408.882352941	391.222222222	630.0	466.4	392.428571429	348.652173913	457.181818182	360.071428571	301.464285714	288.05	370.391304348	391.214285714	342.619047619	438.043478261	452.625	344.142857143	428.0
alpha_rarefaction_255_4.txt	255	4	567.055555556	476.136363636	337.04	572.833333333	338.526315789	396.5	627.0	322.272727273	306.130434783	378.55	623.235294118	666.0	761.8125	521.461538462	549.5	426.166666667	381.052631579	456.076923077	549.136363636	543.055555556	731.5	359.625	308.730769231	466.0	503.125	342.142857143	341.954545455	324.5625	515.375	330.083333333	410.769230769	304.5	326.461538462	523.125	614.882352941	345.866666667	627.769230769	340.866666667	526.5625	362.588235294	438.4	579.666666667	567.214285714	390.5	651.647058824	380.12	404.0	357.565217391	373.391304348	465.857142857	232.058823529	283.285714286	320.05	354.625	234.035714286	390.647058824	301.8	691.25	388.066666667	298.3
alpha_rarefaction_255_5.txt	255	5	553.894736842	378.875	447.0	390.181818182	359.0	436.476190476	694.1875	342.25	398.954545455	365.8	418.0	417.0	409.772727273	414.555555556	817.0	489.8125	418.0	463.571428571	531.681818182	343.115384615	692.928571429	511.157894737	383.052631579	415.473684211	506.117647059	736.909090909	416.047619048	366.0	407.636363636	283.461538462	365.0	287.315789474	288.461538462	412.909090909	491.3	571.75	510.875	435.0	503.928571429	378.052631579	217.785714286	461.142857143	413.588235294	479.5	367.4	407.772727273	381.391304348	425.571428571	448.75	534.789473684	336.3	282.037037037	336.0	390.181818182	266.714285714	384.117647059	448.0	356.5	391.666666667	427.1
alpha_rarefaction_255_6.txt	255	6	486.5	429.5	603.25	524.05	314.714285714	310.12	659.055555556	502.117647059	318.037037037	362.0	461.055555556	450.75	410.115384615	417.4	385.576923077	538.4	416.473684211	312.25	608.315789474	585.4375	656.157894737	335.0	370.166666667	363.333333333	760.769230769	342.9	355.142857143	374.2	593.8125	347.176470588	274.956521739	342.25	384.111111111	446.875	469.4	391.090909091	336.789473684	426.0625	396.055555556	300.260869565	241.545454545	466.541666667	370.882352941	534.5	628.9375	494.333333333	372.545454545	458.090909091	421.260869565	433.9	284.05	383.055555556	340.0	414.473684211	341.3	265.15	337.689655172	417.894736842	264.0	300.235294118
alpha_rarefaction_255_7.txt	255	7	407.535714286	413.0	453.333333333	449.333333333	320.894736842	397.555555556	610.555555556	438.0	394.565217391	461.176470588	481.75	576.125	444.625	564.076923077	676.666666667	456.058823529	471.05	481.052631579	553.666666667	512.272727273	525.956521739	411.0	334.75	334.6875	472.05	849.1	343.3	384.333333333	774.214285714	233.333333333	322.0	327.5	258.866666667	279.2	511.157894737	326.473684211	502.083333333	348.4375	439.0	311.25	244.0	546.055555556	415.5	367.882352941	585.666666667	437.571428571	628.0	433.1875	449.75	347.551724138	361.25	279.285714286	563.25	384.5	453.714285714	499.8	470.772727273	345.619047619	521.571428571	367.666666667
alpha_rarefaction_255_8.txt	255	8	460.130434783	445.0	528.0	513.272727273	400.65	378.136363636	553.75	533.4	365.0	324.807692308	362.2	408.913043478	565.285714286	395.526315789	480.05	450.0	397.55	445.105263158	699.1875	464.260869565	752.714285714	360.565217391	415.473684211	379.055555556	652.230769231	371.5	258.884615385	368.833333333	551.666666667	254.052631579	320.894736842	370.090909091	352.545454545	214.1875	445.772727273	543.6	318.176470588	332.083333333	479.055555556	401.235294118	356.0	428.545454545	406.769230769	373.136363636	439.615384615	355.535714286	466.0	410.2	446.0	669.0	349.176470588	335.333333333	294.526315789	385.625	290.555555556	340.526315789	367.038461538	365.545454545	297.3	347.058823529
alpha_rarefaction_255_9.txt	255	9	599.526315789	443.230769231	424.5	409.64	572.0	579.0	564.0	372.714285714	524.2	503.0	471.541666667	389.333333333	453.75	424.176470588	349.038461538	592.8125	600.25	337.954545455	507.714285714	746.352941176	527.05	434.058823529	363.0	738.909090909	404.913043478	470.0	490.571428571	336.3	583.058823529	409.625	352.428571429	256.076923077	377.333333333	324.0	530.0	359.052631579	470.461538462	308.5	316.6	576.4	225.333333333	371.161290323	453.058823529	320.785714286	663.315789474	511.875	464.176470588	416.5	644.333333333	462.5	368.4	416.0	651.1	637.583333333	310.5625	594.6	518.166666667	325.454545455	487.571428571	419.5
alpha_rarefaction_304_0.txt	304	0	462.043478261	508.111111111	463.46875	640.8	477.0	512.045454545	502.035714286	507.391304348	389.0	428.894736842	487.615384615	381.0	448.230769231	577.125	411.3125	458.954545455	428.5	539.5	471.2	759.526315789	540.8	463.666666667	669.4	381.65	755.588235294	371.166666667	329.807692308	398.647058824	860.071428571	315.05	334.0	292.05	290.047619048	327.058823529	583.0	398.55	378.869565217	394.647058824	450.0	552.0	297.136363636	455.043478261	362.0	424.5	469.181818182	619.555555556	529.142857143	445.1875	397.1	437.130434783	536.25	502.235294118	383.869565217	451.166666667	486.25	453.866666667	454.772727273	461.714285714	382.391304348	284.206896552
alpha_rarefaction_304_1.txt	304	1	507.956521739	441.888888889	710.894736842	533.25	424.142857143	422.1	489.0	498.235294118	318.730769231	347.0	476.884615385	645.055555556	484.848484848	481.055555556	513.538461538	404.357142857	463.24	530.05	689.142857143	587.043478261	628.12	508.375	419.0	561.6875	896.5	512.833333333	485.05	352.222222222	536.25	281.157894737	380.833333333	331.5625	304.0	453.3	551.2	481.769230769	407.65	424.583333333	393.076923077	457.0	332.833333333	655.157894737	456.166666667	422.25	520.0	449.636363636	364.75	460.8	790.571428571	787.052631579	321.136363636	318.275862069	264.5	395.565217391	345.954545455	337.04	523.476190476	401.777777778	466.260869565	393.157894737
alpha_rarefaction_304_2.txt	304	2	462.130434783	519.666666667	590.714285714	475.04	388.454545455	431.0	675.5	450.0	845.230769231	667.055555556	507.5	525.315789474	747.105263158	552.176470588	556.875	542.0	580.8	574.833333333	658.565217391	802.555555556	669.315789474	485.75	475.315789474	387.0	487.545454545	950.0	360.142857143	370.115384615	541.75	452.272727273	369.4	421.461538462	311.130434783	622.111111111	430.032258065	483.25	373.0	523.363636364	369.4	460.166666667	401.5	437.964285714	687.214285714	649.375	718.25	666.315789474	487.913043478	522.235294118	435.130434783	587.043478261	319.368421053	324.476190476	398.315789474	505.538461538	427.166666667	434.833333333	443.37037037	415.545454545	468.0	356.04
alpha_rarefaction_304_3.txt	304	3	592.416666667	521.0	528.037037037	574.0	242.774193548	387.037037037	629.25	501.0	443.916666667	667.0625	437.607142857	496.217391304	643.037037037	457.058823529	670.476190476	712.571428571	425.09375	525.142857143	527.0	563.12	878.0	441.545454545	331.0	457.789473684	562.142857143	472.04	317.416666667	352.55	732.473684211	201.545454545	335.0	384.2	285.0	392.75	573.2	380.4	463.055555556	466.0	426.8	414.0	413.0	489.75	602.0	585.4375	877.894736842	629.25	419.033333333	460.055555556	539.25	485.5	535.666666667	373.565217391	418.0	441.0	411.5	483.25	579.130434783	501.0	437.368421053	246.0
alpha_rarefaction_304_4.txt	304	4	482.777777778	436.333333333	529.12	501.24	475.05	540.882352941	675.5	399.555555556	360.111111111	496.125	534.142857143	443.12	774.055555556	377.869565217	488.0	482.136363636	487.913043478	573.0	510.24137931	608.041666667	396.0	436.44	524.285714286	390.956521739	697.176470588	450.333333333	430.375	292.038461538	507.24137931	317.4	315.0	494.090909091	385.2	475.0	495.538461538	307.260869565	471.4	450.928571429	419.666666667	308.857142857	541.545454545	503.045454545	514.875	579.125	609.6	485.625	481.625	481.882352941	505.375	446.357142857	368.8	369.357142857	408.047619048	452.75	379.235294118	363.565217391	534.142857143	609.588235294	374.6	270.222222222
alpha_rarefaction_304_5.txt	304	5	529.884615385	439.44	584.8	498.3	417.0	485.136363636	583.045454545	377.035714286	690.352941176	588.058823529	466.5	457.2	455.896551724	595.176470588	428.03125	577.875	492.5	556.75	581.2	509.28125	655.333333333	470.454545455	466.058823529	434.833333333	632.0	458.055555556	486.05	370.545454545	506.24137931	312.214285714	442.894736842	370.588235294	362.833333333	341.125	700.565217391	309.5	627.235294118	453.866666667	358.217391304	344.033333333	464.3125	375.029411765	389.333333333	596.555555556	489.275862069	599.176470588	419.75	524.555555556	467.161290323	637.833333333	473.666666667	445.9	410.65	483.0	386.55	356.12	629.052631579	504.956521739	448.3	275.37037037
alpha_rarefaction_304_6.txt	304	6	468.285714286	435.333333333	504.24	524.391304348	395.181818182	421.033333333	698.0	428.142857143	369.5	612.75	502.333333333	398.807692308	702.473684211	474.05	403.076923077	441.9	435.44	406.103448276	670.875	500.222222222	592.136363636	473.142857143	417.0	500.333333333	662.235294118	349.37037037	577.866666667	330.137931034	672.882352941	244.619047619	326.125	371.25	384.333333333	491.25	748.352941176	499.4375	477.05	347.428571429	570.055555556	315.903225806	271.391304348	573.0	298.652173913	525.0	519.0	399.1	732.666666667	326.620689655	481.0	548.2	464.571428571	344.260869565	467.8	594.75	407.714285714	375.8	458.576923077	358.111111111	461.789473684	405.375
alpha_rarefaction_304_7.txt	304	7	747.055555556	455.677419355	521.869565217	511.157894737	461.8	570.333333333	736.476190476	372.115384615	428.285714286	490.052631579	405.076923077	415.0	1079.92857143	840.230769231	532.791666667	511.391304348	474.434782609	363.0	641.357142857	535.44	491.75	348.0	351.115384615	369.956521739	644.117647059	747.352941176	392.391304348	579.4	563.034482759	360.0	457.625	335.473684211	309.5	417.555555556	536.5	450.105263158	426.142857143	471.461538462	351.75	431.5	401.0	550.913043478	554.176470588	531.5625	528.84	400.2	448.888888889	381.476190476	455.6	555.875	358.352941176	297.875	668.0	390.035714286	359.12	357.045454545	481.037037037	484.545454545	416.105263158	405.0
alpha_rarefaction_304_8.txt	304	8	596.0	483.777777778	616.130434783	564.142857143	357.217391304	504.5	519.730769231	536.565217391	391.222222222	398.555555556	520.869565217	499.222222222	574.0	627.9375	494.5	380.5	410.047619048	345.34375	600.25	740.176470588	707.058823529	434.5	573.875	518.166666667	731.058823529	634.0	428.142857143	377.869565217	552.884615385	336.071428571	313.896551724	465.75	287.4	300.153846154	546.75	442.1875	456.625	381.071428571	683.214285714	432.176470588	383.769230769	523.391304348	338.105263158	392.956521739	476.076923077	370.214285714	437.038461538	410.652173913	541.681818182	493.538461538	334.454545455	344.681818182	385.772727273	599.3	344.142857143	347.25	369.5	384.034482759	393.291666667	460.166666667
alpha_rarefaction_304_9.txt	304	9	494.04	433.032258065	427.1	433.888888889	293.5	500.12	473.774193548	442.75	627.25	409.12	407.214285714	457.444444444	498.04	483.25	428.03125	525.285714286	465.789473684	433.125	710.217391304	395.807692308	686.454545455	452.772727273	553.5	558.047619048	605.3	672.5	355.038461538	407.789473684	556.777777778	260.0	332.24	347.4	264.0	478.0	517.0	862.666666667	360.045454545	533.230769231	385.12	445.636363636	396.526315789	715.555555556	319.384615385	532.5625	667.0	484.625	574.0	292.037037037	456.25	733.473684211	439.0	334.043478261	456.166666667	348.870967742	354.222222222	460.8	454.6	481.142857143	413.636363636	297.5
alpha_rarefaction_353_0.txt	353	0	503.37037037	562.291666667	703.291666667	520.714285714	362.75	648.04	729.64	387.416666667	507.125	526.272727273	637.142857143	650.045454545	653.230769231	491.052631579	528.0	461.25	668.37037037	603.5	845.0	555.903225806	748.3	456.888888889	509.5	482.434782609	776.714285714	718.791666667	443.5	406.217391304	617.5	316.05	412.64	296.833333333	663.230769231	606.3	539.34375	418.652173913	426.666666667	412.636363636	456.6	457.75	410.0	504.428571429	436.44	400.076923077	711.75	421.323529412	434.181818182	469.0	477.454545455	458.483870968	484.055555556	464.541666667	385.7	622.260869565	313.888888889	500.333333333	563.555555556	560.652173913	569.75	354.125
alpha_rarefaction_353_1.txt	353	1	687.038461538	617.6	474.692307692	528.730769231	380.545454545	925.75	749.375	475.620689655	438.0	590.714285714	576.103448276	715.166666667	528.25	707.714285714	756.130434783	408.076923077	426.033333333	491.75	660.137931034	581.096774194	680.055555556	451.714285714	398.222222222	476.541666667	482.033333333	1083.25	462.0	394.37037037	641.384615385	389.153846154	484.05	392.9375	440.75	442.214285714	617.2	465.8	400.8	705.833333333	409.193548387	456.625	353.555555556	448.176470588	474.260869565	355.6	576.533333333	783.157894737	511.035714286	471.260869565	594.44	822.15	568.428571429	407.333333333	395.391304348	539.25	452.75	551.5	521.538461538	476.541666667	584.8	344.0
alpha_rarefaction_353_2.txt	353	2	620.4	539.34375	410.875	664.714285714	356.636363636	638.666666667	755.636363636	470.137931034	421.096774194	566.5	610.454545455	400.034482759	515.7	630.235294118	711.44	615.714285714	523.25	552.884615385	750.260869565	707.565217391	703.291666667	619.444444444	605.0	454.625	798.0	533.954545455	424.636363636	316.12	745.260869565	294.05	320.625	390.055555556	488.4	426.666666667	684.772727273	384.037037037	760.714285714	641.0	418.12	356.387096774	497.333333333	445.923076923	378.0	518.615384615	1065.83333333	609.454545455	700.0625	411.772727273	480.620689655	671.0	480.0	366.222222222	470.285714286	625.272727273	421.8	431.260869565	531.129032258	379.6	467.75	289.954545455
alpha_rarefaction_353_3.txt	353	3	554.034482759	555.535714286	599.44	499.896551724	391.454545455	498.0	742.260869565	440.038461538	439.724137931	468.24	559.0	445.0	733.55	558.894736842	516.28125	411.0	838.5	551.0	693.037037037	463.171428571	1085.33333333	543.307692308	381.517241379	567.045454545	614.681818182	514.538461538	474.130434783	378.0	597.107142857	311.130434783	361.387096774	434.0	325.666666667	449.928571429	735.5	519.476190476	321.275862069	454.333333333	552.272727273	419.333333333	394.5	549.181818182	396.75	430.375	814.714285714	576.0	550.535714286	473.352941176	505.363636364	501.538461538	328.807692308	408.565217391	404.107142857	566.0	322.25	424.545454545	513.25	427.037037037	431.2	315.538461538
alpha_rarefaction_353_4.txt	353	4	574.428571429	570.12	597.538461538	722.047619048	404.384615385	468.275862069	666.12	415.037037037	481.037037037	406.384615385	684.285714286	389.428571429	676.875	449.625	511.1	434.285714286	512.035714286	623.55	546.9375	482.875	811.136363636	456.884615385	393.476190476	556.884615385	534.344827586	495.37037037	477.526315789	407.913043478	709.75	405.235294118	287.032258065	542.5	297.913043478	483.769230769	494.275862069	656.5	608.5	450.625	552.272727273	452.714285714	294.5	632.272727273	529.391304348	543.15	757.130434783	573.434782609	515.666666667	453.625	508.666666667	646.913043478	486.882352941	502.714285714	437.894736842	420.666666667	331.076923077	457.772727273	546.44	582.833333333	461.043478261	311.8
alpha_rarefaction_353_5.txt	353	5	522.935483871	498.171428571	554.034482759	468.307692308	294.03030303	547.5	749.375	378.4375	499.896551724	417.0	485.176470588	658.0	587.5	686.0	517.24137931	474.454545455	426.344827586	353.0	694.115384615	727.545454545	701.291666667	581.0	533.0	510.0	703.954545455	700.8	409.555555556	425.2	691.875	263.5	333.620689655	471.571428571	427.0	334.0	611.125	475.315789474	559.136363636	439.058823529	514.037037037	402.454545455	405.913043478	548.222222222	565.058823529	521.0	538.567567568	511.387096774	570.615384615	448.473684211	485.033333333	561.777777778	468.176470588	442.5	624.55	502.5	467.25	433.260869565	513.5	533.884615385	350.896551724	311.875
alpha_rarefaction_353_6.txt	353	6	525.724137931	458.551724138	476.2	572.037037037	456.105263158	659.115384615	617.285714286	532.12	445.038461538	662.1875	946.0	545.206896552	625.53125	612.9	531.78125	415.103448276	544.25	520.6	595.6875	525.27027027	693.84	451.636363636	431.0	630.666666667	794.333333333	490.913043478	588.473684211	403.64	921.352941176	315.588235294	417.12	247.434782609	477.0	323.5	455.088235294	430.894736842	346.04	444.555555556	568.64	348.6	410.789473684	477.774193548	489.545454545	416.103448276	703.214285714	526.615384615	487.625	444.636363636	474.285714286	501.363636364	398.181818182	306.5	459.772727273	655.0	366.625	335.333333333	441.578947368	601.75	485.619047619	432.260869565
alpha_rarefaction_353_7.txt	353	7	661.65	454.357142857	581.206896552	501.387096774	491.913043478	513.111111111	591.44	462.541666667	768.0	467.5	458.0	407.428571429	665.04	636.833333333	532.129032258	463.4	650.25	664.2	758.2	610.464285714	716.25	563.64	661.647058824	553.291666667	725.555555556	502.5	374.24	560.894736842	625.954545455	346.526315789	378.875	458.333333333	559.0	324.333333333	723.791666667	593.4375	414.65	487.0	742.3	445.7	313.75	452.12195122	432.8	563.75	567.483870968	563.714285714	490.107142857	369.129032258	620.9	623.444444444	252.538461538	471.25	564.894736842	453.444444444	406.214285714	404.25	578.333333333	414.333333333	484.652173913	341.21875
alpha_rarefaction_353_8.txt	353	8	570.375	446.090909091	655.8	579.2	438.5	633.272727273	603.115384615	584.625	415.384615385	459.625	519.333333333	490.129032258	484.6	507.15	457.0	461.75	471.161290323	565.5	661.777777778	784.181818182	625.24	454.088235294	484.0	422.0	743.115384615	605.454545455	676.055555556	378.0	704.954545455	320.368421053	469.8	508.272727273	451.473684211	614.1	607.965517241	476.315789474	499.333333333	524.571428571	411.096774194	564.045454545	399.5	543.451612903	412.913043478	439.038461538	561.428571429	697.65	504.222222222	544.5	416.45	747.115384615	399.315789474	351.714285714	423.333333333	589.136363636	366.0	448.894736842	626.896551724	505.24	324.303030303	376.4
alpha_rarefaction_353_9.txt	353	9	541.2	576.5	721.913043478	469.833333333	315.896551724	538.344827586	593.6	541.047619048	601.105263158	467.137931034	539.12	432.166666667	702.84	855.461538462	483.027777778	650.055555556	490.142857143	521.0	705.956521739	636.666666667	709.75	448.75	492.555555556	564.0	572.166666667	459.043478261	383.6	543.105263158	852.352941176	246.8	355.125	628.1	390.2	546.5	600.0	344.041666667	536.0	836.666666667	492.04	426.1	496.2	668.875	387.037037037	348.275862069	711.516129032	503.551724138	508.035714286	532.142857143	627.260869565	667.04	591.8125	388.5	391.12	545.103448276	406.217391304	392.391304348	526.714285714	574.260869565	690.352941176	270.7
alpha_rarefaction_402_0.txt	402	0	539.294117647	455.25	563.903225806	539.433333333	391.869565217	397.428571429	862.375	564.64	484.161290323	827.166666667	637.0	484.736842105	650.903225806	552.272727273	442.522727273	505.538461538	455.487179487	645.04	614.026315789	687.0	680.0	514.222222222	673.04	567.045454545	858.285714286	545.111111111	587.260869565	447.357142857	581.837837838	281.956521739	382.4	357.272727273	490.75	430.55	782.0	590.473684211	477.857142857	459.954545455	579.0	594.8	401.555555556	484.774193548	507.551724138	487.730769231	624.028571429	662.115384615	624.041666667	441.44	470.972972973	674.676470588	314.433333333	478.333333333	465.444444444	501.37037037	451.615384615	494.913043478	718.037037037	535.344827586	635.272727273	349.037037037
alpha_rarefaction_402_1.txt	402	1	637.24	561.5625	689.111111111	638.25	355.285714286	625.193548387	488.153846154	547.111111111	581.64	577.5	708.0	526.857142857	654.137931034	735.333333333	512.083333333	847.0	675.875	468.416666667	625.285714286	812.576923077	727.807692308	502.935483871	628.076923077	445.964285714	689.4	564.12	389.107142857	457.884615385	542.885714286	311.5	512.5	369.714285714	437.166666667	542.5	567.885714286	586.473684211	476.076923077	831.0	547.103448276	451.615384615	378.391304348	873.954545455	515.956521739	571.12	687.935483871	490.033333333	585.2	491.0	725.933333333	702.0	593.058823529	466.6	386.344827586	797.75	492.75	503.217391304	726.166666667	475.65625	560.913043478	336.25
alpha_rarefaction_402_2.txt	402	2	584.777777778	574.625	630.794117647	525.162162162	486.129032258	616.464285714	668.689655172	571.777777778	461.888888889	826.15	601.44	513.0	549.25	608.333333333	578.176470588	568.714285714	968.647058824	536.884615385	934.222222222	1001.26086957	563.757575758	557.75	485.857142857	596.714285714	610.464285714	594.44	548.44	320.7	663.375	401.428571429	565.5625	510.615384615	297.038461538	572.866666667	494.394736842	507.125	453.551724138	547.5	533.730769231	438.037037037	428.434782609	617.096774194	522.0	604.032258065	642.25	456.03125	467.275862069	584.045454545	539.405405405	489.56097561	422.032258065	519.5	448.965517241	462.677419355	433.517241379	390.0	443.243243243	589.8	403.75	553.105263158
alpha_rarefaction_402_3.txt	402	3	805.454545455	533.941176471	681.0	681.75	472.307692308	745.375	817.307692308	555.034482759	569.0	509.870967742	533.294117647	423.692307692	651.03030303	665.714285714	597.8125	502.555555556	540.636363636	526.0	873.5	629.794117647	1001.14285714	462.0	500.090909091	805.5	771.916666667	870.105263158	556.576923077	479.884615385	703.428571429	343.681818182	532.0	332.076923077	458.75	390.5	698.285714286	420.772727273	446.038461538	527.954545455	406.1	475.137931034	503.8125	508.551724138	689.55	489.777777778	639.6	503.516129032	504.0	625.55	571.588235294	704.0	654.071428571	458.12	509.565217391	660.0	371.516129032	448.12	521.6	589.625	356.0	473.4
alpha_rarefaction_402_4.txt	402	4	635.7	533.516129032	582.176470588	639.666666667	486.777777778	576.0	660.451612903	405.125	426.916666667	616.043478261	680.222222222	401.642857143	566.5	551.272727273	505.171428571	499.0	616.857142857	466.0	622.181818182	927.105263158	920.913043478	584.038461538	553.5	538.142857143	539.884615385	561.555555556	491.04	380.0	723.111111111	338.681818182	578.368421053	253.913043478	353.75	574.866666667	626.8	531.315789474	463.884615385	518.833333333	584.848484848	363.78125	405.214285714	460.825	493.785714286	422.323529412	600.117647059	698.6	708.384615385	445.916666667	447.578947368	668.689655172	505.3	559.5	581.368421053	581.96875	533.84	620.9	596.344827586	554.37037037	492.5	348.533333333
alpha_rarefaction_402_5.txt	402	5	725.0	525.323529412	686.75	730.076923077	409.322580645	649.25	681.935483871	455.428571429	562.884615385	420.775	828.625	536.181818182	661.181818182	643.0	565.5	557.535714286	545.111111111	693.142857143	682.0	817.444444444	749.034482759	439.517241379	801.333333333	649.833333333	643.04	614.125	457.043478261	384.206896552	549.228571429	441.058823529	465.25	536.461538462	485.0	295.5	567.885714286	480.541666667	603.272727273	561.5625	508.1	677.5	408.791666667	512.153846154	423.206896552	544.076923077	573.885714286	597.785714286	604.724137931	397.034482759	565.428571429	534.294117647	641.0	423.777777778	454.12	522.615384615	449.714285714	481.772727273	758.64	404.0	504.222222222	390.7
alpha_rarefaction_402_6.txt	402	6	676.0	581.322580645	610.833333333	550.0	386.035714286	379.0	674.676470588	536.0	482.303030303	515.387096774	529.714285714	548.206896552	560.529411765	556.913043478	557.181818182	493.777777778	460.322580645	751.476190476	668.529411765	620.0	658.451612903	633.896551724	628.954545455	884.0	775.12	549.5	383.027777778	333.774193548	529.757575758	389.052631579	513.0	421.882352941	472.789473684	620.615384615	573.588235294	401.807692308	388.451612903	549.5	493.555555556	494.75	339.964285714	528.941176471	607.125	536.954545455	656.216216216	791.181818182	511.666666667	422.64	572.717948718	600.823529412	500.3	413.8	597.0	631.807692308	517.045454545	403.035714286	542.129032258	476.029411765	509.125	585.875
alpha_rarefaction_402_7.txt	402	7	606.724137931	525.277777778	892.5	564.7	525.0	530.617647059	656.916666667	418.6	494.037037037	431.1	709.230769231	651.384615385	544.676470588	661.0	534.27027027	528.714285714	608.272727273	516.037037037	704.357142857	662.375	822.541666667	530.0	587.25	468.954545455	980.619047619	513.24137931	563.055555556	356.162162162	709.107142857	312.0	442.444444444	354.125	626.583333333	524.571428571	528.162162162	555.272727273	433.0	574.0	452.7	423.032258065	351.555555556	530.27027027	461.896551724	467.75	716.037037037	630.896551724	597.533333333	464.4	489.176470588	672.038461538	535.956521739	560.105263158	537.391304348	710.0	335.7	463.043478261	461.275	448.038461538	422.333333333	385.038461538
alpha_rarefaction_402_8.txt	402	8	615.833333333	595.5	561.181818182	585.090909091	469.181818182	754.473684211	602.6875	696.047619048	569.6	448.25	673.625	630.444444444	656.964285714	550.217391304	720.44	677.875	469.03030303	529.607142857	671.533333333	1119.0	830.625	545.206896552	542.884615385	499.0	699.833333333	526.0	450.096774194	565.5	910.44	423.0	510.3	615.272727273	324.285714286	409.1875	822.652173913	536.791666667	545.565217391	529.066666667	410.033333333	505.387096774	393.55	642.041666667	465.275862069	372.833333333	568.947368421	526.363636364	547.636363636	647.117647059	655.125	557.034482759	410.777777778	416.555555556	493.0	430.166666667	374.357142857	525.476190476	530.617647059	545.307692308	544.956521739	456.37037037
alpha_rarefaction_402_9.txt	402	9	786.444444444	474.333333333	637.483870968	602.724137931	548.454545455	647.785714286	590.25	542.535714286	679.875	486.037037037	741.035714286	530.724137931	558.736842105	538.956521739	503.9	486.176470588	590.130434783	603.888888889	765.363636364	597.6	780.0	570.875	615.730769231	547.047619048	690.5	565.230769231	417.2	407.034482759	736.103448276	277.15	374.535714286	487.0	441.166666667	441.058823529	519.25	558.473684211	515.24	459.333333333	574.434782609	403.034482759	339.037037037	662.607142857	517.666666667	425.032258065	784.344827586	769.043478261	452.193548387	793.571428571	548.121212121	592.441176471	421.0	463.933333333	512.5	482.027777778	389.0	576.0	424.692307692	467.0	556.2	314.53125
alpha_rarefaction_451_0.txt	451	0	658.090909091	575.428571429	694.162162162	539.777777778	536.375	529.277777778	778.875	600.6875	427.0	503.090909091	596.090909091	508.609756098	648.275	696.142857143	575.783783784	506.0625	549.676470588	513.078947368	664.25	601.675675676	741.636363636	572.884615385	621.888888889	672.714285714	557.025	671.275862069	596.875	374.75	823.24137931	477.315789474	511.0	358.555555556	634.882352941	535.5625	649.263157895	388.451612903	424.228571429	519.833333333	567.64	533.607142857	492.75	821.576923077	537.375	709.047619048	701.052631579	711.214285714	826.545454545	525.714285714	554.676470588	665.325	522.714285714	476.785714286	459.551724138	682.0	459.84	535.730769231	548.676470588	479.307692308	428.916666667	391.029411765
alpha_rarefaction_451_1.txt	451	1	616.068181818	486.731707317	683.567567568	698.551724138	422.0	546.27027027	788.363636364	451.319148936	468.322580645	428.621621622	589.777777778	524.323529412	625.5	554.37037037	697.033333333	730.25	639.03030303	778.526315789	642.871794872	668.181818182	765.0	571.0	546.535714286	746.285714286	901.857142857	815.136363636	517.5	494.625	572.428571429	387.65	475.037037037	403.44	588.866666667	450.714285714	782.088235294	708.0625	478.65625	603.272727273	493.774193548	516.551724138	356.0	596.512195122	488.464285714	492.294117647	647.59375	607.6875	597.5	475.689655172	678.533333333	779.529411765	599.136363636	559.25	510.37037037	737.37037037	483.65625	460.888888889	532.0	679.0	715.217391304	316.724137931
alpha_rarefaction_451_2.txt	451	2	604.675675676	589.375	888.222222222	631.794117647	293.275	497.027777778	762.757575758	419.348837209	644.807692308	528.935483871	634.090909091	536.162162162	645.676470588	856.285714286	617.416666667	530.757575758	608.785714286	508.363636364	899.25	558.394736842	755.333333333	572.90625	564.21875	625.041666667	650.137931034	594.533333333	465.551724138	474.903225806	662.216216216	436.368421053	532.730769231	509.333333333	661.071428571	517.05	712.428571429	489.04	576.12	504.125	601.0	435.0	438.5	736.774193548	506.896551724	620.857142857	809.1	581.375	600.344827586	422.3125	531.076923077	582.588235294	731.55	483.285714286	579.045454545	519.666666667	381.129032258	491.0	703.6	536.517241379	531.0	345.676470588
alpha_rarefaction_451_3.txt	451	3	651.0	590.666666667	789.65625	704.965517241	461.896551724	639.433333333	791.46875	676.37037037	524.1	532.333333333	517.384615385	628.096774194	602.375	695.454545455	590.777777778	670.115384615	572.7	600.833333333	632.487179487	677.028571429	860.777777778	878.142857143	673.04	724.894736842	910.44	532.941176471	635.4	485.434782609	834.666666667	487.157894737	619.526315789	505.235294118	423.0	423.473684211	749.4375	579.333333333	597.0	623.555555556	666.777777778	423.621621622	361.37037037	656.5	660.333333333	542.607142857	697.926829268	485.625	515.256410256	625.142857143	723.5	527.153846154	565.047619048	384.28125	572.607142857	512.4375	378.965517241	403.529411765	610.277777778	450.527777778	484.161290323	422.193548387
alpha_rarefaction_451_4.txt	451	4	894.391304348	717.833333333	482.418604651	615.135135135	488.037037037	539.941176471	754.777777778	455.11627907	615.303030303	510.363636364	627.0	572.947368421	805.607142857	658.217391304	627.117647059	534.583333333	688.033333333	516.551724138	805.1	822.24	740.206896552	534.615384615	696.6	668.65	903.0	664.115384615	558.103448276	406.666666667	661.085714286	396.052631579	609.0	488.352941176	586.214285714	430.375	744.4375	597.473684211	430.636363636	524.869565217	598.043478261	594.5	392.869565217	684.516129032	399.903225806	739.64	728.162790698	583.625	630.941176471	636.434782609	696.941176471	766.0	621.142857143	456.607142857	490.037037037	608.7	628.142857143	555.75	631.028571429	611.833333333	690.772727273	365.9375
alpha_rarefaction_451_5.txt	451	5	654.689655172	543.365853659	759.0625	584.533333333	445.888888889	790.5	706.2	919.045454545	520.870967742	493.923076923	743.222222222	536.026315789	721.363636364	830.166666667	564.833333333	529.416666667	826.652173913	609.032258065	753.4375	786.193548387	854.730769231	539.25	627.2	556.307692308	800.230769231	519.7	513.538461538	695.142857143	1004.27272727	359.652173913	485.333333333	400.772727273	833.0	451.473684211	483.386363636	587.476190476	570.714285714	660.647058824	577.322580645	384.0	305.5	557.222222222	730.047619048	649.125	783.103448276	604.636363636	554.9375	409.322580645	562.256410256	599.394736842	502.0	460.964285714	581.615384615	460.888888889	395.757575758	542.884615385	464.733333333	503.027777778	464.483870968	324.322580645
alpha_rarefaction_451_6.txt	451	6	871.107142857	590.666666667	799.1	576.0	483.12	613.885714286	995.125	558.0	493.176470588	533.724137931	773.034482759	542.405405405	532.25	595.44	707.870967742	514.533333333	505.441176471	672.37037037	834.0	691.21875	650.428571429	533.857142857	496.125	652.714285714	777.666666667	624.551724138	574.64	676.315789474	753.903225806	436.285714286	489.619047619	380.0	686.0	650.055555556	822.03125	589.5	549.076923077	494.055555556	700.115384615	712.12	348.689655172	568.184210526	490.028571429	558.034482759	701.5	798.607142857	534.583333333	658.65	783.206896552	553.25	524.05	468.357142857	569.64	586.206896552	488.774193548	550.307692308	445.923076923	520.7	502.0	373.025641026
alpha_rarefaction_451_7.txt	451	7	547.025641026	517.384615385	811.37037037	487.029411765	522.714285714	586.108108108	682.583333333	569.555555556	511.027777778	629.444444444	606.032258065	660.357142857	566.0	524.75	711.34375	655.333333333	762.130434783	594.8	925.607142857	831.25	1008.88888889	593.206896552	657.964285714	446.028571429	606.59375	617.181818182	412.552631579	358.9375	735.774193548	398.285714286	413.263157895	444.55	507.153846154	411.235294118	768.1	518.045454545	543.037037037	425.538461538	590.333333333	499.516129032	360.551724138	742.035714286	660.8	585.103448276	833.885714286	737.7	688.75	428.885714286	701.24137931	634.027777778	480.464285714	508.785714286	614.0	678.0	391.107142857	501.75	434.571428571	518.035714286	760.789473684	561.272727273
alpha_rarefaction_451_8.txt	451	8	947.5	479.736842105	662.137931034	700.870967742	484.884615385	606.344827586	707.527777778	588.035714286	590.5	541.129032258	616.95	714.724137931	895.375	522.935483871	624.303030303	720.772727273	971.647058824	424.657894737	972.625	786.193548387	936.434782609	654.357142857	629.285714286	623.041666667	1026.0	587.333333333	537.615384615	559.217391304	792.096774194	304.785714286	617.333333333	432.545454545	512.235294118	586.125	572.486486486	340.451612903	664.217391304	432.5	598.44	473.085714286	309.107142857	659.171428571	505.5	521.7	587.023809524	475.736842105	655.96875	537.884615385	546.5	571.428571429	507.125	503.652173913	659.333333333	581.5	345.129032258	539.954545455	578.885714286	481.0	506.538461538	369.551724138
alpha_rarefaction_451_9.txt	451	9	676.375	605.848484848	582.371428571	521.375	375.75	448.166666667	743.103448276	480.028571429	528.0	448.0	791.0	478.447368421	640.926829268	731.142857143	625.571428571	640.12	554.527777778	510.896551724	891.5	766.034482759	671.529411765	453.8	746.5	614.84	813.24137931	862.285714286	486.303030303	509.04	888.5	571.6875	406.676470588	408.181818182	553.5	629.235294118	765.357142857	694.5	554.8	519.391304348	471.3125	427.228571429	391.161290323	614.59375	537.391304348	557.161290323	648.108108108	531.75	509.171428571	518.4	637.322580645	543.025	356.0	475.2	495.652173913	564.90625	407.677419355	432.1875	507.902439024	549.111111111	484.2	503.615384615
alpha_rarefaction_500_0.txt	500	0	695.27027027	494.782608696	670.222222222	588.459459459	551.5	644.794117647	1212.5	603.25	590.193548387	680.285714286	811.941176471	554.12244898	791.193548387	726.807692308	657.5	594.193548387	878.05	501.394736842	783.256410256	685.0	892.0	695.0	581.625	647.666666667	942.5	573.363636364	467.24137931	519.027027027	761.657894737	486.619047619	597.8	523.15	671.066666667	496.75	731.516129032	403.206896552	664.5	621.041666667	599.344827586	490.317073171	327.0	719.558823529	506.617647059	599.096774194	1014.44444444	562.073170732	723.363636364	485.65625	607.75	811.75	513.222222222	445.0	632.6	619.275	363.823529412	539.84	604.052631579	499.976744186	549.121212121	520.217391304
alpha_rarefaction_500_1.txt	500	1	791.088235294	556.025	794.0	752.161290323	494.037037037	512.219512195	883.451612903	578.783783784	740.0	643.7	847.75	552.046511628	708.15	577.322580645	644.384615385	576.428571429	600.441176471	943.5	796.638297872	679.947368421	898.125	636.2	552.121212121	716.291666667	630.923076923	598.032258065	662.125	563.555555556	990.677419355	313.0	568.576923077	500.05	579.75	586.875	652.022727273	507.275862069	850.315789474	488.541666667	400.956521739	443.285714286	409.37037037	605.682926829	559.5	514.617647059	675.772727273	536.071428571	591.375	745.333333333	947.5	825.032258065	418.0	534.666666667	522.823529412	541.333333333	335.875	667.115384615	642.333333333	512.027777778	668.230769231	349.5
alpha_rarefaction_500_2.txt	500	2	733.757575758	543.4	830.058823529	767.1	633.433333333	680.529411765	746.277777778	684.583333333	684.129032258	541.181818182	578.947368421	532.525	679.325	631.322580645	613.357142857	623.53125	607.0	662.230769231	743.025	931.607142857	610.217391304	707.357142857	649.677419355	559.529411765	811.617647059	705.214285714	718.12	519.058823529	1093.55555556	648.769230769	665.333333333	426.730769231	742.5	873.769230769	809.428571429	617.333333333	685.24	808.117647059	682.545454545	431.775	434.666666667	462.019607843	620.37037037	785.0	659.534883721	716.34375	751.2	519.111111111	697.794117647	867.0	515.12	495.2	579.136363636	569.903225806	401.206896552	530.037037037	582.15	550.2	546.636363636	437.228571429
alpha_rarefaction_500_3.txt	500	3	572.075	626.885714286	705.318181818	678.588235294	507.04	665.333333333	873.03030303	620.076923077	519.027777778	564.0	616.375	529.458333333	748.636363636	705.84	686.588235294	580.108108108	604.848484848	504.717948718	955.206896552	640.028571429	756.333333333	713.965517241	508.125	764.375	795.032258065	536.0	645.7	470.1875	727.153846154	410.565217391	664.8	569.176470588	593.894736842	497.217391304	753.578947368	764.055555556	557.5	652.8	601.344827586	482.903225806	566.5	683.676470588	641.272727273	664.15625	637.071428571	575.21875	688.636363636	560.37037037	803.032258065	1023.51724138	655.0	558.0	539.965517241	595.848484848	660.913043478	582.037037037	598.243902439	629.193548387	763.3	525.5
alpha_rarefaction_500_4.txt	500	4	498.071428571	498.88372093	677.12195122	587.0	541.344827586	620.558823529	809.75	581.885714286	512.263157895	543.0	691.516129032	674.7	1056.75	602.636363636	628.076923077	610.6	624.027777778	640.666666667	790.486486486	714.763157895	798.947368421	679.625	658.384615385	640.7	998.619047619	477.0	527.24137931	443.032258065	929.724137931	352.666666667	503.294117647	475.4	463.636363636	508.4375	720.902439024	507.533333333	620.096774194	845.5	616.888888889	447.026315789	544.791666667	821.09375	681.157894737	427.306122449	745.181818182	643.459459459	621.341463415	565.291666667	752.451612903	695.27027027	449.0	674.1	515.0625	555.552631579	377.277777778	546.037037037	506.591836735	625.833333333	563.833333333	476.483870968
alpha_rarefaction_500_5.txt	500	5	635.30952381	491.666666667	632.625	627.625	494.129032258	618.517241379	760.567567568	497.418604651	582.108108108	539.941176471	708.923076923	548.666666667	665.731707317	669.533333333	622.692307692	560.6	650.25	448.837837838	883.090909091	806.294117647	900.129032258	624.53125	735.0	555.111111111	815.0	645.275862069	681.625	543.884615385	960.774193548	396.291666667	561.8	408.291666667	402.384615385	433.142857143	791.666666667	424.103448276	557.8	472.24	501.0	613.7	372.935483871	547.046511628	787.444444444	579.322580645	674.441860465	616.578947368	548.0	523.037037037	699.75	600.068181818	504.615384615	589.12	604.25	772.103448276	647.12	520.111111111	668.083333333	485.947368421	473.285714286	391.027777778
alpha_rarefaction_500_6.txt	500	6	723.0	552.075	802.033333333	557.076923077	521.035714286	791.8	813.0	595.96875	518.157894737	486.184210526	668.171428571	744.181818182	655.857142857	619.24137931	600.0	682.0	723.25	602.344827586	838.303030303	875.161290323	615.578947368	682.625	705.363636364	1207.4	789.363636364	651.8125	580.6	523.0	643.065217391	530.272727273	400.5	479.130434783	499.75	512.0	656.263157895	752.476190476	534.516129032	663.0	659.357142857	604.037037037	626.681818182	803.428571429	513.4375	452.108695652	665.622222222	569.166666667	806.3125	580.034482759	613.87804878	669.0	581.260869565	588.12	419.75	771.538461538	450.0	609.538461538	504.071428571	621.464285714	524.24137931	514.04
alpha_rarefaction_500_7.txt	500	7	794.676470588	571.153846154	690.170731707	655.285714286	500.107142857	1038.65217391	907.176470588	474.022222222	469.634146341	523.026315789	708.027027027	551.243902439	784.428571429	779.916666667	622.097560976	521.341463415	513.027777778	721.107142857	833.135135135	765.763157895	683.523809524	704.387096774	887.391304348	522.0	972.272727273	717.384615385	478.483870968	528.037037037	648.926829268	371.12	432.535714286	457.75	539.954545455	496.217391304	725.6	613.888888889	603.0	902.615384615	597.206896552	469.216216216	468.444444444	814.2	561.833333333	751.0625	664.731707317	593.666666667	879.37037037	609.115384615	648.857142857	739.025	414.033333333	648.076923077	484.3125	555.527777778	436.228571429	399.717948718	755.451612903	559.6	736.25	430.034482759
alpha_rarefaction_500_8.txt	500	8	612.157894737	601.7	704.894736842	616.454545455	439.0	516.294117647	958.2	695.5	756.555555556	539.0	677.085714286	566.552631579	560.608695652	596.344827586	733.8	529.323529412	624.181818182	598.090909091	857.166666667	812.923076923	962.230769231	706.363636364	863.956521739	657.161290323	840.04	794.444444444	570.757575758	522.7	783.885714286	486.0	609.416666667	650.714285714	558.454545455	465.954545455	791.447368421	693.285714286	716.12	609.75	627.24137931	510.935483871	433.344827586	604.326086957	571.6	555.529411765	701.75	523.477272727	558.25	693.142857143	714.763157895	551.025	622.714285714	544.6	478.0	561.071428571	426.617647059	601.785714286	542.0	566.0	587.434782609	653.142857143
alpha_rarefaction_500_9.txt	500	9	727.666666667	548.068181818	778.483870968	674.777777778	527.965517241	734.2	632.340909091	574.5	626.888888889	518.0625	884.689655172	670.7	589.1875	681.896551724	659.263157895	421.568181818	603.090909091	507.609756098	892.033333333	814.333333333	829.5	714.833333333	515.171428571	657.137931034	1311.75	569.7	587.857142857	510.935483871	901.0	459.0	473.896551724	704.352941176	598.476190476	559.884615385	979.161290323	514.387096774	534.0	624.142857143	541.078947368	458.157894737	460.0	778.033333333	507.71875	617.032258065	748.5	900.551724138	547.405405405	672.555555556	692.676470588	691.527777778	551.307692308	481.3125	645.0	707.0	377.642857143	439.09375	609.277777778	576.428571429	595.096774194	351.256410256