	sequences per sample	iteration	Amz22chld.418485	Amz25chld.418466	Amz26chld.418481	Amz29adlt.418370	Amz2adltF.418633	Amz30adlt.418837	Amz32eldF.418511	Amz4adltF.418711	Amz4chldM2.418774	Amz5chldF1.418757	Amz5chldF2.418405	Amz5teenF.418519	Amz6chldM.418668	Amz6eldF.418597	Amz6eldM.418356	Amz7eldM.418423	TS1.418828	TS109.418691	TS111.418684	TS127.418550	TS129.418618	TS13.418619	TS163.418636	TS184.418577	TS193.418750	TS195.418848	TS25.418407	TS4.418810	TS7.418860	USchp18Mom.418783	USchp1Mom.418814	USchp25Child.418345	USchp25Mom.418780	USchp33ChildB.418578	USchp36Mom.418718	USchp3Child.418614	USchp3Mom.418727	USchp4Mom.418666	h101M.1.418586	h10M.1.418706	h122M.1.418534	h146M.1.418838	h147M.1.418531	h165M.1.418394	h186M.1.418788	h208M.1.418731	h235M.1.418489	h257M.1.418454	h264M.1.418377	h273M.1.418507	h279M.1.418530	h305M.1.418771	h37M.1.418863	h60M.1.418694	h68M.1.418773	h78M.1.418725	h85M.1.418596	h95M.1.418831	h9M.1.418588	k278A.2.418424
alpha_rarefaction_10_0.txt	10	0	10.0	9.0	10.0	8.0	9.0	8.0	9.0	8.0	9.0	10.0	10.0	10.0	8.0	8.0	10.0	9.0	10.0	10.0	8.0	9.0	10.0	8.0	9.0	10.0	10.0	10.0	9.0	8.0	10.0	10.0	10.0	8.0	9.0	8.0	10.0	10.0	9.0	9.0	8.0	10.0	8.0	10.0	9.0	10.0	10.0	10.0	9.0	9.0	10.0	10.0	8.0	6.0	9.0	10.0	8.0	9.0	8.0	6.0	8.0	10.0
alpha_rarefaction_10_1.txt	10	1	9.0	10.0	10.0	9.0	9.0	10.0	9.0	7.0	10.0	9.0	9.0	9.0	9.0	10.0	10.0	10.0	10.0	10.0	9.0	9.0	10.0	9.0	9.0	8.0	9.0	10.0	10.0	8.0	10.0	10.0	10.0	10.0	9.0	10.0	10.0	7.0	8.0	8.0	7.0	9.0	7.0	10.0	9.0	10.0	9.0	10.0	9.0	9.0	10.0	10.0	10.0	10.0	10.0	10.0	9.0	7.0	10.0	8.0	9.0	9.0
alpha_rarefaction_10_2.txt	10	2	10.0	10.0	10.0	8.0	9.0	8.0	10.0	9.0	9.0	10.0	9.0	10.0	10.0	10.0	9.0	9.0	10.0	8.0	10.0	9.0	9.0	10.0	10.0	10.0	9.0	9.0	10.0	10.0	9.0	8.0	9.0	10.0	10.0	9.0	10.0	9.0	9.0	9.0	8.0	10.0	9.0	10.0	9.0	9.0	9.0	9.0	10.0	10.0	8.0	9.0	10.0	10.0	10.0	10.0	9.0	8.0	10.0	9.0	10.0	9.0
alpha_rarefaction_10_3.txt	10	3	10.0	10.0	10.0	9.0	10.0	10.0	8.0	10.0	10.0	9.0	10.0	10.0	9.0	10.0	10.0	9.0	10.0	9.0	10.0	9.0	10.0	10.0	10.0	10.0	10.0	8.0	10.0	8.0	6.0	9.0	9.0	9.0	10.0	8.0	8.0	7.0	10.0	8.0	7.0	9.0	7.0	10.0	9.0	9.0	10.0	10.0	9.0	10.0	9.0	10.0	10.0	9.0	8.0	10.0	7.0	9.0	10.0	9.0	8.0	10.0
alpha_rarefaction_10_4.txt	10	4	10.0	8.0	9.0	8.0	10.0	10.0	10.0	10.0	9.0	10.0	10.0	10.0	10.0	9.0	8.0	9.0	8.0	10.0	10.0	9.0	10.0	8.0	10.0	10.0	8.0	10.0	9.0	8.0	10.0	10.0	10.0	9.0	10.0	9.0	10.0	10.0	9.0	10.0	8.0	10.0	10.0	10.0	9.0	8.0	10.0	9.0	10.0	10.0	10.0	9.0	10.0	9.0	10.0	10.0	9.0	10.0	10.0	9.0	10.0	10.0
alpha_rarefaction_10_5.txt	10	5	10.0	9.0	9.0	10.0	8.0	9.0	10.0	10.0	10.0	10.0	10.0	10.0	10.0	10.0	8.0	8.0	10.0	10.0	9.0	10.0	10.0	10.0	9.0	10.0	9.0	9.0	9.0	8.0	10.0	10.0	10.0	9.0	9.0	10.0	10.0	10.0	10.0	7.0	8.0	10.0	9.0	9.0	8.0	8.0	9.0	9.0	10.0	9.0	7.0	10.0	10.0	9.0	9.0	9.0	10.0	10.0	10.0	10.0	8.0	10.0
alpha_rarefaction_10_6.txt	10	6	10.0	9.0	10.0	10.0	9.0	10.0	9.0	9.0	8.0	9.0	10.0	10.0	10.0	9.0	10.0	10.0	9.0	8.0	10.0	10.0	9.0	10.0	10.0	8.0	10.0	9.0	10.0	9.0	10.0	8.0	10.0	9.0	10.0	10.0	10.0	10.0	10.0	10.0	10.0	10.0	8.0	10.0	9.0	10.0	9.0	9.0	9.0	10.0	10.0	10.0	10.0	10.0	9.0	9.0	9.0	9.0	10.0	10.0	9.0	10.0
alpha_rarefaction_10_7.txt	10	7	10.0	10.0	10.0	10.0	10.0	9.0	10.0	9.0	9.0	7.0	9.0	10.0	10.0	9.0	10.0	9.0	9.0	10.0	10.0	10.0	9.0	10.0	10.0	10.0	9.0	10.0	10.0	8.0	10.0	9.0	10.0	10.0	8.0	10.0	10.0	10.0	9.0	9.0	10.0	9.0	9.0	10.0	9.0	10.0	10.0	10.0	9.0	8.0	8.0	7.0	10.0	10.0	10.0	10.0	10.0	7.0	10.0	8.0	10.0	10.0
alpha_rarefaction_10_8.txt	10	8	10.0	10.0	10.0	9.0	6.0	10.0	8.0	10.0	10.0	10.0	10.0	10.0	10.0	10.0	10.0	10.0	9.0	9.0	10.0	10.0	10.0	10.0	10.0	10.0	9.0	9.0	10.0	10.0	10.0	9.0	9.0	9.0	8.0	10.0	10.0	8.0	9.0	10.0	9.0	7.0	8.0	10.0	10.0	8.0	10.0	10.0	10.0	9.0	10.0	10.0	7.0	10.0	9.0	10.0	8.0	10.0	9.0	10.0	10.0	10.0
alpha_rarefaction_10_9.txt	10	9	9.0	10.0	9.0	9.0	6.0	10.0	9.0	10.0	10.0	8.0	8.0	8.0	10.0	10.0	10.0	10.0	9.0	10.0	10.0	10.0	9.0	9.0	10.0	10.0	9.0	9.0	10.0	10.0	10.0	10.0	10.0	9.0	10.0	7.0	10.0	10.0	10.0	9.0	10.0	9.0	8.0	10.0	10.0	9.0	10.0	8.0	8.0	9.0	10.0	10.0	10.0	10.0	10.0	9.0	9.0	9.0	10.0	10.0	10.0	9.0
alpha_rarefaction_59_0.txt	59	0	47.0	47.0	51.0	45.0	44.0	46.0	47.0	41.0	43.0	44.0	51.0	47.0	50.0	38.0	44.0	49.0	44.0	47.0	49.0	51.0	46.0	43.0	45.0	46.0	47.0	45.0	44.0	35.0	47.0	35.0	36.0	40.0	39.0	38.0	47.0	38.0	44.0	34.0	42.0	46.0	27.0	47.0	40.0	42.0	53.0	45.0	47.0	43.0	46.0	43.0	37.0	47.0	42.0	43.0	46.0	41.0	47.0	39.0	46.0	41.0
alpha_rarefaction_59_1.txt	59	1	46.0	54.0	52.0	45.0	40.0	47.0	41.0	48.0	39.0	41.0	48.0	51.0	52.0	37.0	46.0	53.0	49.0	40.0	49.0	43.0	52.0	48.0	45.0	40.0	40.0	45.0	47.0	42.0	47.0	35.0	44.0	38.0	43.0	36.0	45.0	41.0	43.0	38.0	34.0	45.0	34.0	48.0	42.0	44.0	52.0	48.0	44.0	45.0	44.0	44.0	46.0	47.0	41.0	43.0	44.0	34.0	48.0	42.0	45.0	44.0
alpha_rarefaction_59_2.txt	59	2	46.0	49.0	48.0	50.0	38.0	52.0	48.0	41.0	43.0	44.0	52.0	49.0	50.0	43.0	50.0	48.0	48.0	51.0	51.0	50.0	46.0	42.0	45.0	46.0	33.0	45.0	43.0	46.0	47.0	42.0	41.0	45.0	42.0	35.0	50.0	40.0	41.0	37.0	47.0	42.0	32.0	44.0	41.0	46.0	50.0	49.0	48.0	44.0	49.0	48.0	32.0	44.0	44.0	43.0	43.0	39.0	46.0	45.0	43.0	41.0
alpha_rarefaction_59_3.txt	59	3	40.0	49.0	48.0	44.0	43.0	43.0	47.0	45.0	47.0	38.0	49.0	44.0	47.0	37.0	47.0	48.0	50.0	42.0	52.0	47.0	49.0	45.0	42.0	42.0	45.0	45.0	43.0	40.0	46.0	40.0	45.0	45.0	41.0	35.0	46.0	40.0	48.0	31.0	41.0	49.0	40.0	46.0	44.0	46.0	46.0	45.0	45.0	38.0	50.0	53.0	40.0	45.0	46.0	46.0	38.0	45.0	44.0	42.0	39.0	46.0
alpha_rarefaction_59_4.txt	59	4	50.0	46.0	50.0	46.0	40.0	52.0	45.0	41.0	45.0	45.0	48.0	46.0	48.0	41.0	50.0	42.0	46.0	45.0	52.0	51.0	50.0	52.0	47.0	43.0	44.0	48.0	50.0	39.0	46.0	32.0	42.0	44.0	40.0	39.0	47.0	45.0	44.0	36.0	39.0	43.0	37.0	44.0	42.0	45.0	55.0	44.0	49.0	38.0	51.0	47.0	35.0	50.0	46.0	46.0	43.0	38.0	50.0	51.0	43.0	42.0
alpha_rarefaction_59_5.txt	59	5	52.0	48.0	50.0	46.0	39.0	52.0	42.0	48.0	42.0	46.0	48.0	44.0	52.0	44.0	50.0	43.0	45.0	46.0	51.0	44.0	54.0	40.0	41.0	44.0	44.0	45.0	42.0	44.0	48.0	32.0	46.0	37.0	49.0	34.0	42.0	42.0	46.0	40.0	44.0	44.0	37.0	47.0	42.0	42.0	48.0	49.0	41.0	39.0	50.0	47.0	42.0	44.0	38.0	42.0	46.0	44.0	47.0	40.0	42.0	38.0
alpha_rarefaction_59_6.txt	59	6	47.0	44.0	49.0	43.0	40.0	47.0	50.0	47.0	51.0	44.0	47.0	45.0	48.0	42.0	46.0	50.0	50.0	48.0	52.0	52.0	51.0	48.0	47.0	42.0	43.0	48.0	48.0	38.0	46.0	30.0	41.0	39.0	42.0	37.0	54.0	43.0	39.0	35.0	39.0	43.0	35.0	48.0	44.0	47.0	47.0	45.0	44.0	40.0	49.0	51.0	43.0	43.0	40.0	44.0	45.0	49.0	47.0	46.0	36.0	48.0
alpha_rarefaction_59_7.txt	59	7	48.0	47.0	53.0	45.0	39.0	48.0	49.0	40.0	43.0	44.0	47.0	46.0	48.0	41.0	47.0	43.0	50.0	44.0	50.0	50.0	52.0	39.0	40.0	41.0	41.0	46.0	43.0	39.0	49.0	36.0	43.0	37.0	38.0	42.0	46.0	42.0	47.0	34.0	45.0	43.0	30.0	47.0	45.0	49.0	50.0	48.0	49.0	42.0	50.0	48.0	42.0	46.0	48.0	42.0	43.0	43.0	52.0	39.0	42.0	48.0
alpha_rarefaction_59_8.txt	59	8	51.0	49.0	48.0	47.0	38.0	47.0	54.0	50.0	50.0	46.0	42.0	44.0	49.0	44.0	46.0	49.0	50.0	46.0	51.0	49.0	49.0	47.0	50.0	48.0	42.0	45.0	50.0	47.0	47.0	35.0	36.0	36.0	44.0	38.0	50.0	46.0	41.0	40.0	44.0	45.0	44.0	46.0	43.0	40.0	47.0	45.0	46.0	40.0	48.0	47.0	36.0	47.0	48.0	44.0	42.0	41.0	45.0	44.0	47.0	45.0
alpha_rarefaction_59_9.txt	59	9	48.0	52.0	50.0	40.0	41.0	50.0	45.0	43.0	43.0	43.0	50.0	47.0	49.0	45.0	45.0	40.0	47.0	42.0	51.0	48.0	46.0	45.0	48.0	44.0	46.0	47.0	44.0	36.0	45.0	31.0	39.0	46.0	41.0	28.0	49.0	42.0	43.0	35.0	41.0	46.0	38.0	48.0	44.0	33.0	47.0	47.0	47.0	40.0	48.0	46.0	40.0	42.0	39.0	48.0	39.0	43.0	46.0	37.0	45.0	42.0
alpha_rarefaction_108_0.txt	108	0	78.0	78.0	71.0	73.0	65.0	87.0	73.0	72.0	71.0	67.0	79.0	75.0	81.0	73.0	79.0	69.0	83.0	65.0	88.0	80.0	78.0	78.0	74.0	68.0	74.0	74.0	73.0	65.0	80.0	57.0	61.0	66.0	61.0	62.0	85.0	66.0	72.0	56.0	68.0	78.0	63.0	77.0	64.0	80.0	84.0	79.0	76.0	70.0	73.0	77.0	67.0	78.0	70.0	70.0	71.0	64.0	84.0	66.0	67.0	61.0
alpha_rarefaction_108_1.txt	108	1	80.0	74.0	81.0	70.0	71.0	85.0	72.0	71.0	84.0	63.0	88.0	76.0	90.0	78.0	78.0	77.0	79.0	79.0	90.0	80.0	89.0	70.0	70.0	70.0	77.0	70.0	77.0	69.0	74.0	58.0	75.0	65.0	70.0	64.0	71.0	63.0	63.0	58.0	76.0	69.0	62.0	79.0	64.0	82.0	80.0	81.0	78.0	64.0	84.0	81.0	67.0	73.0	67.0	64.0	57.0	66.0	78.0	73.0	67.0	71.0
alpha_rarefaction_108_2.txt	108	2	85.0	78.0	81.0	66.0	65.0	73.0	83.0	73.0	76.0	73.0	78.0	73.0	85.0	66.0	85.0	77.0	71.0	71.0	85.0	78.0	91.0	66.0	71.0	63.0	69.0	78.0	72.0	65.0	81.0	52.0	71.0	66.0	57.0	62.0	75.0	62.0	73.0	65.0	71.0	66.0	58.0	73.0	72.0	76.0	78.0	82.0	73.0	64.0	81.0	76.0	57.0	75.0	75.0	69.0	67.0	67.0	84.0	78.0	69.0	72.0
alpha_rarefaction_108_3.txt	108	3	80.0	84.0	78.0	72.0	69.0	89.0	79.0	75.0	73.0	69.0	82.0	77.0	75.0	75.0	84.0	72.0	79.0	74.0	85.0	84.0	81.0	74.0	78.0	74.0	83.0	75.0	73.0	66.0	70.0	59.0	65.0	62.0	60.0	57.0	79.0	65.0	62.0	60.0	62.0	72.0	57.0	74.0	70.0	69.0	89.0	77.0	76.0	63.0	80.0	80.0	63.0	75.0	76.0	80.0	68.0	67.0	77.0	67.0	79.0	71.0
alpha_rarefaction_108_4.txt	108	4	81.0	79.0	83.0	76.0	61.0	84.0	73.0	71.0	75.0	68.0	81.0	68.0	84.0	55.0	76.0	72.0	67.0	63.0	80.0	76.0	82.0	77.0	78.0	71.0	77.0	75.0	71.0	64.0	77.0	52.0	73.0	54.0	58.0	62.0	74.0	62.0	69.0	58.0	71.0	64.0	52.0	84.0	75.0	71.0	89.0	73.0	68.0	67.0	80.0	81.0	62.0	73.0	68.0	72.0	65.0	64.0	75.0	75.0	63.0	71.0
alpha_rarefaction_108_5.txt	108	5	83.0	85.0	81.0	80.0	67.0	82.0	78.0	72.0	78.0	79.0	78.0	80.0	85.0	67.0	74.0	70.0	72.0	62.0	82.0	83.0	75.0	80.0	80.0	68.0	73.0	74.0	64.0	60.0	76.0	49.0	69.0	63.0	63.0	58.0	84.0	69.0	70.0	61.0	69.0	67.0	59.0	83.0	78.0	73.0	83.0	81.0	81.0	64.0	82.0	76.0	55.0	71.0	66.0	66.0	62.0	65.0	79.0	64.0	69.0	72.0
alpha_rarefaction_108_6.txt	108	6	72.0	86.0	81.0	81.0	71.0	82.0	83.0	71.0	74.0	66.0	84.0	81.0	78.0	68.0	80.0	67.0	74.0	74.0	81.0	80.0	88.0	74.0	75.0	67.0	71.0	68.0	74.0	61.0	78.0	52.0	64.0	68.0	64.0	59.0	73.0	74.0	69.0	67.0	67.0	79.0	60.0	73.0	70.0	56.0	81.0	73.0	69.0	62.0	77.0	79.0	68.0	74.0	67.0	67.0	66.0	62.0	81.0	69.0	67.0	70.0
alpha_rarefaction_108_7.txt	108	7	75.0	70.0	79.0	75.0	59.0	75.0	87.0	79.0	74.0	76.0	80.0	71.0	84.0	64.0	80.0	80.0	77.0	74.0	93.0	75.0	81.0	82.0	84.0	77.0	79.0	72.0	74.0	60.0	78.0	51.0	68.0	67.0	68.0	56.0	83.0	71.0	70.0	59.0	75.0	65.0	52.0	78.0	68.0	67.0	83.0	75.0	78.0	64.0	77.0	79.0	62.0	73.0	58.0	75.0	74.0	62.0	81.0	68.0	66.0	72.0
alpha_rarefaction_108_8.txt	108	8	76.0	80.0	74.0	84.0	68.0	78.0	75.0	73.0	76.0	81.0	91.0	71.0	84.0	74.0	82.0	75.0	75.0	77.0	86.0	78.0	86.0	78.0	69.0	69.0	81.0	67.0	73.0	63.0	76.0	59.0	63.0	69.0	64.0	60.0	80.0	69.0	66.0	66.0	71.0	64.0	57.0	73.0	79.0	66.0	91.0	70.0	73.0	71.0	79.0	78.0	59.0	74.0	70.0	73.0	65.0	66.0	82.0	69.0	73.0	76.0
alpha_rarefaction_108_9.txt	108	9	81.0	83.0	82.0	76.0	57.0	82.0	71.0	70.0	81.0	67.0	83.0	83.0	80.0	66.0	79.0	75.0	74.0	72.0	82.0	73.0	84.0	75.0	70.0	69.0	78.0	68.0	82.0	66.0	76.0	54.0	64.0	68.0	64.0	56.0	81.0	62.0	67.0	54.0	73.0	72.0	56.0	70.0	68.0	71.0	91.0	81.0	79.0	72.0	82.0	80.0	59.0	65.0	72.0	68.0	70.0	68.0	82.0	72.0	71.0	72.0
alpha_rarefaction_157_0.txt	157	0	107.0	106.0	98.0	104.0	91.0	103.0	111.0	97.0	101.0	89.0	110.0	102.0	104.0	92.0	116.0	90.0	102.0	97.0	116.0	108.0	107.0	102.0	93.0	98.0	98.0	103.0	91.0	90.0	101.0	66.0	92.0	82.0	82.0	79.0	113.0	95.0	91.0	93.0	97.0	96.0	80.0	111.0	91.0	97.0	118.0	107.0	94.0	82.0	101.0	102.0	83.0	96.0	100.0	94.0	81.0	77.0	107.0	97.0	92.0	85.0
alpha_rarefaction_157_1.txt	157	1	104.0	108.0	110.0	100.0	89.0	107.0	115.0	96.0	101.0	92.0	104.0	100.0	106.0	92.0	108.0	98.0	96.0	88.0	108.0	105.0	118.0	94.0	102.0	94.0	104.0	97.0	91.0	93.0	114.0	73.0	91.0	87.0	78.0	63.0	102.0	85.0	84.0	87.0	99.0	90.0	89.0	102.0	92.0	101.0	112.0	103.0	96.0	80.0	108.0	106.0	76.0	93.0	100.0	98.0	89.0	86.0	104.0	103.0	98.0	98.0
alpha_rarefaction_157_2.txt	157	2	102.0	117.0	110.0	101.0	81.0	112.0	101.0	96.0	106.0	101.0	108.0	99.0	116.0	90.0	104.0	98.0	103.0	102.0	114.0	106.0	104.0	95.0	100.0	97.0	98.0	102.0	91.0	90.0	90.0	71.0	93.0	74.0	77.0	81.0	110.0	87.0	88.0	79.0	91.0	98.0	78.0	111.0	98.0	100.0	112.0	106.0	107.0	86.0	102.0	111.0	75.0	77.0	91.0	93.0	89.0	85.0	109.0	93.0	98.0	86.0
alpha_rarefaction_157_3.txt	157	3	110.0	104.0	105.0	101.0	81.0	110.0	100.0	93.0	109.0	110.0	109.0	104.0	115.0	89.0	104.0	96.0	94.0	90.0	115.0	102.0	110.0	94.0	95.0	96.0	111.0	92.0	95.0	89.0	108.0	78.0	91.0	83.0	90.0	79.0	113.0	85.0	86.0	78.0	103.0	97.0	88.0	102.0	84.0	88.0	113.0	93.0	100.0	79.0	106.0	106.0	87.0	90.0	100.0	98.0	94.0	85.0	112.0	93.0	91.0	92.0
alpha_rarefaction_157_4.txt	157	4	103.0	103.0	114.0	97.0	83.0	104.0	112.0	96.0	99.0	100.0	97.0	100.0	108.0	94.0	109.0	102.0	101.0	93.0	112.0	108.0	113.0	102.0	109.0	105.0	96.0	92.0	94.0	76.0	98.0	72.0	91.0	85.0	73.0	76.0	102.0	93.0	93.0	82.0	91.0	99.0	80.0	101.0	92.0	96.0	119.0	106.0	108.0	80.0	98.0	105.0	85.0	103.0	93.0	91.0	89.0	78.0	105.0	101.0	101.0	92.0
alpha_rarefaction_157_5.txt	157	5	114.0	108.0	111.0	101.0	84.0	108.0	100.0	99.0	105.0	98.0	102.0	112.0	119.0	82.0	106.0	100.0	92.0	91.0	106.0	97.0	107.0	107.0	93.0	88.0	103.0	98.0	103.0	83.0	111.0	72.0	82.0	88.0	89.0	77.0	107.0	83.0	93.0	78.0	81.0	94.0	70.0	100.0	81.0	99.0	110.0	94.0	95.0	81.0	103.0	110.0	80.0	105.0	85.0	100.0	88.0	85.0	116.0	92.0	92.0	85.0
alpha_rarefaction_157_6.txt	157	6	116.0	108.0	102.0	103.0	93.0	105.0	106.0	101.0	99.0	95.0	105.0	109.0	110.0	88.0	109.0	93.0	95.0	90.0	119.0	116.0	114.0	99.0	107.0	97.0	99.0	90.0	91.0	88.0	99.0	75.0	91.0	84.0	75.0	76.0	101.0	83.0	88.0	70.0	87.0	96.0	80.0	106.0	87.0	89.0	108.0	99.0	101.0	99.0	106.0	110.0	72.0	96.0	98.0	93.0	94.0	87.0	102.0	90.0	98.0	93.0
alpha_rarefaction_157_7.txt	157	7	104.0	107.0	101.0	104.0	84.0	99.0	108.0	102.0	94.0	90.0	104.0	102.0	113.0	87.0	113.0	101.0	110.0	95.0	105.0	103.0	99.0	97.0	98.0	89.0	92.0	100.0	101.0	89.0	111.0	70.0	94.0	84.0	81.0	83.0	117.0	81.0	85.0	78.0	97.0	93.0	82.0	100.0	81.0	90.0	127.0	113.0	109.0	89.0	106.0	114.0	84.0	89.0	102.0	97.0	89.0	85.0	102.0	92.0	92.0	84.0
alpha_rarefaction_157_8.txt	157	8	110.0	115.0	110.0	97.0	93.0	104.0	106.0	93.0	95.0	107.0	104.0	100.0	108.0	90.0	108.0	95.0	107.0	99.0	113.0	114.0	109.0	105.0	104.0	98.0	102.0	94.0	95.0	84.0	106.0	72.0	84.0	79.0	89.0	76.0	108.0	87.0	99.0	81.0	92.0	94.0	84.0	99.0	83.0	93.0	113.0	102.0	112.0	79.0	104.0	107.0	77.0	93.0	98.0	97.0	85.0	90.0	105.0	91.0	90.0	87.0
alpha_rarefaction_157_9.txt	157	9	106.0	107.0	101.0	102.0	77.0	104.0	102.0	103.0	105.0	105.0	109.0	101.0	113.0	99.0	107.0	99.0	99.0	100.0	116.0	107.0	109.0	93.0	95.0	93.0	106.0	98.0	93.0	89.0	108.0	71.0	94.0	80.0	88.0	76.0	112.0	90.0	101.0	74.0	96.0	97.0	82.0	103.0	101.0	88.0	118.0	104.0	95.0	105.0	107.0	103.0	78.0	92.0	91.0	88.0	80.0	82.0	96.0	100.0	86.0	88.0
alpha_rarefaction_206_0.txt	206	0	134.0	141.0	135.0	119.0	97.0	141.0	138.0	129.0	119.0	112.0	122.0	126.0	146.0	112.0	138.0	118.0	122.0	116.0	141.0	142.0	140.0	130.0	114.0	123.0	129.0	112.0	120.0	105.0	130.0	93.0	116.0	108.0	97.0	86.0	129.0	112.0	118.0	105.0	118.0	110.0	99.0	128.0	117.0	121.0	144.0	119.0	136.0	111.0	130.0	146.0	102.0	117.0	115.0	123.0	117.0	94.0	128.0	109.0	107.0	106.0
alpha_rarefaction_206_1.txt	206	1	138.0	131.0	135.0	118.0	100.0	125.0	124.0	124.0	125.0	116.0	133.0	126.0	128.0	117.0	130.0	130.0	125.0	111.0	133.0	124.0	123.0	127.0	120.0	108.0	131.0	126.0	119.0	107.0	134.0	92.0	107.0	96.0	105.0	108.0	127.0	106.0	108.0	99.0	127.0	109.0	92.0	118.0	116.0	115.0	140.0	127.0	120.0	105.0	134.0	138.0	100.0	117.0	115.0	122.0	104.0	115.0	134.0	110.0	106.0	112.0
alpha_rarefaction_206_2.txt	206	2	136.0	131.0	138.0	128.0	101.0	124.0	133.0	114.0	126.0	116.0	146.0	127.0	131.0	116.0	127.0	122.0	135.0	119.0	137.0	134.0	130.0	117.0	122.0	122.0	129.0	119.0	124.0	109.0	141.0	88.0	106.0	100.0	105.0	89.0	124.0	108.0	119.0	88.0	111.0	115.0	100.0	133.0	111.0	111.0	140.0	123.0	116.0	106.0	132.0	128.0	103.0	112.0	113.0	117.0	101.0	109.0	129.0	108.0	105.0	110.0
alpha_rarefaction_206_3.txt	206	3	128.0	141.0	129.0	129.0	107.0	127.0	138.0	137.0	114.0	119.0	124.0	131.0	133.0	112.0	127.0	123.0	129.0	118.0	135.0	134.0	146.0	115.0	116.0	115.0	133.0	127.0	121.0	109.0	131.0	98.0	112.0	100.0	104.0	102.0	117.0	99.0	101.0	87.0	115.0	111.0	95.0	121.0	101.0	128.0	146.0	132.0	117.0	111.0	133.0	130.0	96.0	116.0	109.0	111.0	112.0	110.0	135.0	121.0	108.0	110.0
alpha_rarefaction_206_4.txt	206	4	131.0	134.0	121.0	128.0	100.0	133.0	133.0	123.0	120.0	127.0	134.0	134.0	131.0	116.0	129.0	127.0	125.0	117.0	139.0	135.0	136.0	127.0	114.0	114.0	127.0	114.0	119.0	103.0	132.0	87.0	110.0	103.0	99.0	85.0	134.0	105.0	108.0	98.0	111.0	120.0	95.0	123.0	110.0	110.0	135.0	134.0	118.0	97.0	120.0	128.0	101.0	121.0	120.0	118.0	101.0	108.0	127.0	109.0	107.0	101.0
alpha_rarefaction_206_5.txt	206	5	127.0	133.0	133.0	133.0	120.0	141.0	135.0	122.0	123.0	116.0	127.0	130.0	136.0	112.0	131.0	122.0	125.0	103.0	144.0	130.0	136.0	131.0	117.0	99.0	126.0	116.0	114.0	100.0	136.0	94.0	114.0	104.0	97.0	94.0	132.0	108.0	105.0	106.0	120.0	116.0	97.0	116.0	115.0	122.0	141.0	119.0	114.0	110.0	125.0	127.0	107.0	126.0	106.0	118.0	108.0	108.0	131.0	109.0	111.0	105.0
alpha_rarefaction_206_6.txt	206	6	123.0	129.0	122.0	131.0	98.0	128.0	128.0	117.0	116.0	121.0	124.0	129.0	131.0	111.0	132.0	111.0	141.0	119.0	141.0	134.0	138.0	126.0	120.0	106.0	131.0	111.0	129.0	99.0	128.0	87.0	107.0	101.0	98.0	89.0	133.0	106.0	115.0	112.0	119.0	110.0	92.0	131.0	102.0	107.0	149.0	131.0	120.0	107.0	136.0	133.0	90.0	104.0	116.0	115.0	121.0	101.0	132.0	120.0	121.0	105.0
alpha_rarefaction_206_7.txt	206	7	138.0	141.0	129.0	127.0	111.0	133.0	132.0	111.0	128.0	122.0	139.0	124.0	139.0	116.0	136.0	115.0	130.0	126.0	153.0	132.0	137.0	117.0	120.0	115.0	124.0	122.0	115.0	108.0	125.0	81.0	104.0	101.0	101.0	92.0	126.0	107.0	117.0	97.0	111.0	114.0	95.0	122.0	110.0	118.0	149.0	119.0	119.0	115.0	124.0	129.0	97.0	115.0	115.0	112.0	109.0	114.0	126.0	127.0	112.0	99.0
alpha_rarefaction_206_8.txt	206	8	129.0	135.0	124.0	130.0	106.0	126.0	134.0	122.0	130.0	123.0	128.0	128.0	145.0	99.0	130.0	118.0	123.0	115.0	129.0	131.0	131.0	128.0	115.0	103.0	120.0	106.0	112.0	104.0	125.0	91.0	105.0	84.0	110.0	93.0	120.0	116.0	103.0	100.0	111.0	116.0	90.0	132.0	106.0	106.0	136.0	131.0	116.0	111.0	125.0	132.0	99.0	123.0	107.0	132.0	108.0	109.0	129.0	110.0	117.0	107.0
alpha_rarefaction_206_9.txt	206	9	129.0	136.0	133.0	125.0	107.0	128.0	128.0	124.0	114.0	112.0	138.0	124.0	137.0	117.0	124.0	132.0	131.0	109.0	151.0	136.0	137.0	119.0	132.0	116.0	120.0	114.0	115.0	113.0	133.0	89.0	105.0	98.0	100.0	94.0	124.0	115.0	106.0	93.0	103.0	103.0	100.0	119.0	106.0	114.0	141.0	123.0	119.0	106.0	121.0	128.0	110.0	114.0	120.0	117.0	111.0	106.0	126.0	113.0	109.0	112.0
alpha_rarefaction_255_0.txt	255	0	156.0	149.0	161.0	163.0	119.0	169.0	167.0	142.0	140.0	139.0	149.0	163.0	161.0	122.0	148.0	144.0	151.0	139.0	161.0	153.0	150.0	145.0	131.0	132.0	157.0	138.0	135.0	122.0	155.0	107.0	115.0	122.0	130.0	113.0	155.0	122.0	132.0	117.0	139.0	138.0	115.0	149.0	128.0	137.0	155.0	145.0	137.0	121.0	148.0	152.0	117.0	133.0	139.0	137.0	131.0	121.0	157.0	123.0	130.0	116.0
alpha_rarefaction_255_1.txt	255	1	155.0	143.0	159.0	144.0	120.0	154.0	156.0	141.0	142.0	141.0	162.0	153.0	150.0	129.0	156.0	147.0	154.0	136.0	169.0	162.0	163.0	132.0	139.0	143.0	151.0	138.0	136.0	121.0	158.0	104.0	130.0	114.0	122.0	109.0	167.0	127.0	123.0	108.0	140.0	141.0	120.0	143.0	137.0	138.0	173.0	152.0	146.0	129.0	163.0	153.0	111.0	130.0	125.0	145.0	129.0	128.0	156.0	134.0	139.0	118.0
alpha_rarefaction_255_2.txt	255	2	154.0	159.0	159.0	152.0	126.0	149.0	162.0	148.0	141.0	147.0	152.0	152.0	162.0	133.0	153.0	141.0	154.0	144.0	166.0	149.0	159.0	137.0	127.0	132.0	142.0	133.0	137.0	115.0	156.0	112.0	126.0	132.0	116.0	116.0	162.0	121.0	129.0	117.0	131.0	131.0	121.0	156.0	131.0	123.0	176.0	150.0	148.0	119.0	143.0	152.0	110.0	152.0	136.0	136.0	133.0	125.0	145.0	138.0	143.0	125.0
alpha_rarefaction_255_3.txt	255	3	166.0	150.0	156.0	134.0	119.0	160.0	178.0	143.0	139.0	142.0	161.0	158.0	148.0	133.0	160.0	140.0	145.0	140.0	166.0	146.0	145.0	143.0	135.0	139.0	150.0	139.0	139.0	124.0	152.0	96.0	126.0	114.0	109.0	106.0	158.0	125.0	134.0	110.0	150.0	137.0	116.0	160.0	125.0	135.0	161.0	154.0	150.0	119.0	142.0	154.0	117.0	142.0	122.0	142.0	124.0	130.0	158.0	137.0	136.0	137.0
alpha_rarefaction_255_4.txt	255	4	157.0	157.0	143.0	156.0	123.0	144.0	165.0	132.0	132.0	136.0	160.0	148.0	171.0	133.0	162.0	140.0	136.0	127.0	168.0	153.0	160.0	145.0	137.0	136.0	142.0	134.0	139.0	117.0	166.0	105.0	123.0	120.0	113.0	108.0	159.0	119.0	141.0	114.0	145.0	127.0	128.0	156.0	139.0	138.0	166.0	149.0	144.0	138.0	145.0	171.0	102.0	129.0	133.0	140.0	124.0	128.0	138.0	145.0	127.0	124.0
alpha_rarefaction_255_5.txt	255	5	159.0	147.0	151.0	142.0	121.0	151.0	162.0	136.0	146.0	133.0	157.0	144.0	152.0	134.0	162.0	142.0	145.0	131.0	168.0	145.0	157.0	154.0	138.0	139.0	147.0	141.0	146.0	131.0	145.0	103.0	137.0	121.0	108.0	111.0	152.0	134.0	143.0	111.0	136.0	133.0	116.0	149.0	134.0	123.0	149.0	150.0	144.0	120.0	149.0	159.0	127.0	137.0	126.0	142.0	120.0	127.0	152.0	136.0	133.0	119.0
alpha_rarefaction_255_6.txt	255	6	153.0	152.0	157.0	155.0	124.0	139.0	164.0	143.0	142.0	134.0	146.0	151.0	158.0	126.0	155.0	146.0	140.0	134.0	167.0	154.0	173.0	141.0	147.0	137.0	155.0	129.0	138.0	119.0	155.0	122.0	127.0	111.0	108.0	100.0	153.0	111.0	126.0	129.0	132.0	130.0	112.0	159.0	130.0	137.0	160.0	149.0	143.0	118.0	151.0	145.0	118.0	135.0	125.0	138.0	132.0	115.0	153.0	136.0	132.0	119.0
alpha_rarefaction_255_7.txt	255	7	161.0	154.0	152.0	148.0	124.0	159.0	159.0	153.0	148.0	140.0	154.0	152.0	157.0	136.0	160.0	141.0	149.0	148.0	157.0	160.0	167.0	152.0	130.0	122.0	150.0	147.0	134.0	131.0	166.0	103.0	136.0	113.0	107.0	104.0	154.0	125.0	130.0	120.0	136.0	133.0	106.0	156.0	123.0	127.0	162.0	132.0	152.0	130.0	150.0	152.0	122.0	125.0	134.0	137.0	128.0	117.0	157.0	133.0	139.0	124.0
alpha_rarefaction_255_8.txt	255	8	160.0	155.0	151.0	161.0	138.0	144.0	160.0	141.0	137.0	142.0	155.0	153.0	166.0	135.0	158.0	141.0	140.0	141.0	167.0	159.0	163.0	141.0	139.0	131.0	148.0	144.0	128.0	126.0	155.0	108.0	124.0	111.0	107.0	96.0	153.0	125.0	118.0	107.0	146.0	133.0	128.0	146.0	119.0	139.0	165.0	153.0	145.0	125.0	156.0	161.0	124.0	136.0	124.0	124.0	115.0	125.0	153.0	136.0	123.0	127.0
alpha_rarefaction_255_9.txt	255	9	165.0	164.0	159.0	152.0	131.0	159.0	151.0	137.0	139.0	139.0	164.0	136.0	168.0	133.0	147.0	154.0	154.0	135.0	162.0	174.0	158.0	137.0	138.0	143.0	149.0	143.0	137.0	127.0	156.0	99.0	121.0	101.0	114.0	105.0	153.0	129.0	127.0	111.0	138.0	147.0	107.0	156.0	138.0	144.0	173.0	144.0	143.0	124.0	164.0	160.0	119.0	141.0	136.0	138.0	118.0	129.0	154.0	131.0	134.0	127.0
alpha_rarefaction_304_0.txt	304	0	167.0	183.0	185.0	175.0	150.0	171.0	179.0	165.0	163.0	147.0	175.0	171.0	169.0	153.0	173.0	161.0	163.0	156.0	183.0	187.0	179.0	172.0	161.0	144.0	175.0	148.0	147.0	136.0	175.0	128.0	144.0	126.0	128.0	122.0	187.0	141.0	146.0	132.0	154.0	171.0	131.0	160.0	152.0	152.0	191.0	168.0	166.0	142.0	167.0	162.0	132.0	156.0	151.0	142.0	145.0	137.0	162.0	155.0	154.0	143.0
alpha_rarefaction_304_1.txt	304	1	171.0	173.0	184.0	173.0	149.0	172.0	183.0	152.0	147.0	152.0	174.0	172.0	190.0	148.0	181.0	162.0	168.0	161.0	192.0	182.0	193.0	175.0	160.0	152.0	165.0	155.0	163.0	150.0	176.0	119.0	138.0	124.0	134.0	113.0	184.0	131.0	145.0	120.0	154.0	148.0	125.0	172.0	147.0	144.0	185.0	162.0	167.0	150.0	173.0	191.0	135.0	151.0	128.0	149.0	143.0	143.0	172.0	159.0	161.0	143.0
alpha_rarefaction_304_2.txt	304	2	162.0	181.0	179.0	170.0	145.0	170.0	182.0	154.0	170.0	172.0	180.0	162.0	190.0	153.0	180.0	167.0	168.0	158.0	192.0	190.0	179.0	158.0	154.0	132.0	163.0	164.0	143.0	152.0	176.0	120.0	151.0	127.0	137.0	126.0	176.0	142.0	142.0	126.0	151.0	151.0	132.0	170.0	160.0	165.0	189.0	176.0	167.0	150.0	160.0	182.0	127.0	138.0	143.0	173.0	141.0	143.0	170.0	148.0	147.0	150.0
alpha_rarefaction_304_3.txt	304	3	187.0	177.0	183.0	175.0	133.0	165.0	177.0	161.0	166.0	167.0	174.0	170.0	201.0	142.0	187.0	159.0	179.0	162.0	187.0	185.0	182.0	159.0	145.0	148.0	169.0	167.0	143.0	134.0	183.0	107.0	145.0	129.0	127.0	116.0	184.0	131.0	148.0	136.0	160.0	149.0	128.0	172.0	150.0	154.0	200.0	177.0	173.0	145.0	179.0	184.0	120.0	154.0	153.0	156.0	142.0	142.0	180.0	156.0	150.0	132.0
alpha_rarefaction_304_4.txt	304	4	177.0	178.0	178.0	171.0	153.0	162.0	191.0	161.0	154.0	168.0	171.0	167.0	186.0	145.0	173.0	163.0	167.0	160.0	189.0	185.0	166.0	165.0	167.0	149.0	173.0	147.0	162.0	138.0	186.0	112.0	137.0	130.0	130.0	119.0	178.0	137.0	155.0	132.0	156.0	146.0	127.0	162.0	147.0	155.0	192.0	173.0	169.0	142.0	172.0	174.0	136.0	163.0	153.0	153.0	133.0	144.0	171.0	161.0	152.0	138.0
alpha_rarefaction_304_5.txt	304	5	182.0	168.0	172.0	159.0	132.0	166.0	178.0	159.0	174.0	161.0	169.0	182.0	180.0	161.0	178.0	161.0	159.0	163.0	192.0	192.0	175.0	162.0	151.0	143.0	173.0	143.0	164.0	141.0	185.0	114.0	150.0	135.0	119.0	118.0	195.0	131.0	164.0	137.0	143.0	155.0	136.0	172.0	136.0	166.0	182.0	165.0	169.0	154.0	184.0	172.0	137.0	157.0	148.0	168.0	144.0	146.0	174.0	168.0	154.0	140.0
alpha_rarefaction_304_6.txt	304	6	178.0	177.0	174.0	171.0	147.0	175.0	187.0	153.0	166.0	159.0	168.0	164.0	183.0	152.0	164.0	153.0	164.0	164.0	199.0	180.0	181.0	161.0	158.0	155.0	169.0	151.0	156.0	149.0	172.0	116.0	144.0	132.0	121.0	127.0	176.0	145.0	155.0	116.0	160.0	153.0	127.0	174.0	136.0	162.0	190.0	169.0	165.0	149.0	171.0	181.0	132.0	146.0	157.0	169.0	128.0	143.0	170.0	152.0	152.0	138.0
alpha_rarefaction_304_7.txt	304	7	183.0	181.0	174.0	154.0	151.0	167.0	190.0	154.0	169.0	157.0	166.0	173.0	194.0	165.0	178.0	169.0	164.0	153.0	204.0	179.0	174.0	146.0	153.0	146.0	166.0	175.0	155.0	150.0	193.0	122.0	142.0	134.0	131.0	137.0	184.0	146.0	151.0	128.0	153.0	154.0	128.0	175.0	155.0	150.0	183.0	156.0	171.0	141.0	170.0	179.0	128.0	142.0	150.0	160.0	149.0	141.0	180.0	160.0	145.0	132.0
alpha_rarefaction_304_8.txt	304	8	178.0	178.0	187.0	171.0	142.0	169.0	177.0	172.0	161.0	160.0	173.0	179.0	181.0	159.0	181.0	153.0	155.0	158.0	189.0	176.0	175.0	157.0	157.0	154.0	175.0	158.0	153.0	145.0	184.0	116.0	150.0	132.0	117.0	109.0	181.0	139.0	141.0	120.0	156.0	141.0	122.0	170.0	132.0	151.0	178.0	160.0	167.0	150.0	178.0	176.0	140.0	146.0	147.0	167.0	136.0	141.0	166.0	158.0	157.0	151.0
alpha_rarefaction_304_9.txt	304	9	174.0	179.0	177.0	165.0	136.0	175.0	182.0	160.0	175.0	156.0	169.0	175.0	178.0	142.0	178.0	168.0	156.0	160.0	198.0	161.0	192.0	160.0	141.0	171.0	173.0	170.0	153.0	142.0	186.0	125.0	146.0	126.0	118.0	122.0	188.0	147.0	144.0	137.0	154.0	158.0	136.0	175.0	144.0	151.0	202.0	172.0	175.0	137.0	175.0	184.0	135.0	144.0	147.0	159.0	152.0	150.0	169.0	158.0	151.0	140.0
alpha_rarefaction_353_0.txt	353	0	188.0	191.0	206.0	188.0	165.0	207.0	208.0	179.0	179.0	174.0	187.0	195.0	206.0	158.0	199.0	180.0	209.0	166.0	209.0	205.0	197.0	179.0	182.0	172.0	201.0	202.0	166.0	155.0	215.0	129.0	164.0	130.0	159.0	131.0	204.0	158.0	163.0	150.0	171.0	158.0	137.0	202.0	165.0	161.0	208.0	186.0	184.0	148.0	191.0	188.0	151.0	172.0	171.0	187.0	152.0	166.0	198.0	179.0	176.0	152.0
alpha_rarefaction_353_1.txt	353	1	210.0	200.0	207.0	186.0	151.0	199.0	206.0	182.0	184.0	179.0	201.0	190.0	202.0	163.0	210.0	169.0	180.0	174.0	216.0	206.0	185.0	161.0	168.0	169.0	185.0	189.0	166.0	160.0	200.0	121.0	162.0	137.0	129.0	130.0	209.0	155.0	161.0	150.0	175.0	169.0	136.0	190.0	169.0	163.0	209.0	195.0	188.0	166.0	194.0	202.0	148.0	154.0	158.0	179.0	170.0	156.0	189.0	169.0	172.0	154.0
alpha_rarefaction_353_2.txt	353	2	197.0	204.0	184.0	188.0	145.0	208.0	199.0	181.0	183.0	184.0	187.0	174.0	196.0	167.0	209.0	185.0	197.0	184.0	211.0	202.0	206.0	200.0	188.0	167.0	194.0	176.0	162.0	145.0	206.0	128.0	150.0	142.0	145.0	129.0	197.0	162.0	171.0	136.0	165.0	163.0	152.0	200.0	160.0	181.0	220.0	186.0	176.0	154.0	187.0	211.0	153.0	164.0	180.0	183.0	154.0	161.0	199.0	157.0	182.0	139.0
alpha_rarefaction_353_3.txt	353	3	199.0	198.0	199.0	188.0	148.0	183.0	203.0	170.0	181.0	173.0	199.0	191.0	197.0	164.0	199.0	173.0	186.0	176.0	216.0	197.0	220.0	185.0	171.0	180.0	185.0	182.0	174.0	160.0	198.0	137.0	168.0	143.0	132.0	131.0	200.0	168.0	154.0	153.0	177.0	168.0	142.0	206.0	156.0	162.0	209.0	177.0	193.0	146.0	202.0	184.0	146.0	162.0	170.0	173.0	144.0	157.0	195.0	167.0	177.0	151.0
alpha_rarefaction_353_4.txt	353	4	211.0	192.0	196.0	197.0	161.0	188.0	201.0	168.0	180.0	163.0	194.0	182.0	205.0	162.0	196.0	175.0	189.0	178.0	207.0	196.0	211.0	173.0	153.0	188.0	194.0	180.0	162.0	152.0	206.0	137.0	152.0	133.0	139.0	133.0	187.0	155.0	171.0	163.0	177.0	162.0	137.0	190.0	176.0	168.0	211.0	186.0	177.0	166.0	201.0	193.0	147.0	174.0	156.0	157.0	152.0	165.0	190.0	166.0	166.0	148.0
alpha_rarefaction_353_5.txt	353	5	200.0	204.0	199.0	175.0	150.0	200.0	206.0	170.0	188.0	175.0	199.0	188.0	199.0	176.0	196.0	166.0	176.0	158.0	211.0	199.0	204.0	168.0	170.0	170.0	196.0	186.0	171.0	163.0	201.0	127.0	156.0	139.0	142.0	124.0	194.0	154.0	178.0	142.0	184.0	159.0	150.0	193.0	159.0	177.0	216.0	193.0	191.0	150.0	188.0	191.0	147.0	165.0	179.0	180.0	162.0	163.0	186.0	186.0	159.0	145.0
alpha_rarefaction_353_6.txt	353	6	195.0	187.0	188.0	196.0	152.0	206.0	202.0	181.0	175.0	170.0	201.0	200.0	218.0	174.0	201.0	173.0	184.0	180.0	213.0	211.0	204.0	164.0	170.0	172.0	190.0	170.0	174.0	155.0	201.0	125.0	164.0	130.0	156.0	121.0	193.0	149.0	152.0	147.0	185.0	171.0	145.0	186.0	165.0	174.0	220.0	189.0	175.0	157.0	184.0	198.0	150.0	161.0	167.0	185.0	152.0	152.0	200.0	176.0	168.0	162.0
alpha_rarefaction_353_7.txt	353	7	189.0	182.0	201.0	192.0	171.0	188.0	191.0	170.0	188.0	170.0	192.0	186.0	206.0	171.0	200.0	173.0	197.0	164.0	217.0	206.0	206.0	191.0	176.0	182.0	185.0	175.0	160.0	166.0	190.0	131.0	160.0	132.0	147.0	126.0	207.0	162.0	152.0	131.0	191.0	179.0	144.0	201.0	166.0	170.0	207.0	196.0	186.0	165.0	182.0	204.0	131.0	166.0	170.0	171.0	168.0	159.0	197.0	163.0	169.0	164.0
alpha_rarefaction_353_8.txt	353	8	207.0	192.0	190.0	190.0	161.0	191.0	196.0	185.0	172.0	172.0	195.0	194.0	192.0	162.0	191.0	162.0	188.0	183.0	214.0	206.0	196.0	192.0	174.0	157.0	210.0	182.0	181.0	160.0	197.0	128.0	159.0	136.0	153.0	129.0	207.0	155.0	165.0	142.0	173.0	177.0	147.0	202.0	157.0	169.0	216.0	190.0	184.0	161.0	197.0	214.0	144.0	148.0	172.0	178.0	156.0	156.0	210.0	175.0	162.0	158.0
alpha_rarefaction_353_9.txt	353	9	198.0	204.0	203.0	186.0	152.0	198.0	206.0	172.0	180.0	178.0	188.0	192.0	213.0	170.0	201.0	177.0	167.0	177.0	207.0	206.0	206.0	166.0	182.0	157.0	184.0	164.0	161.0	161.0	195.0	119.0	153.0	143.0	135.0	134.0	189.0	146.0	159.0	146.0	172.0	176.0	146.0	197.0	165.0	160.0	226.0	187.0	185.0	169.0	192.0	208.0	153.0	161.0	160.0	195.0	155.0	155.0	194.0	181.0	174.0	146.0
alpha_rarefaction_402_0.txt	402	0	215.0	212.0	213.0	201.0	159.0	190.0	228.0	192.0	201.0	198.0	222.0	210.0	225.0	177.0	215.0	188.0	206.0	204.0	236.0	216.0	220.0	194.0	214.0	180.0	214.0	195.0	194.0	175.0	225.0	134.0	164.0	150.0	156.0	147.0	232.0	176.0	183.0	162.0	186.0	182.0	163.0	193.0	191.0	180.0	228.0	209.0	201.0	170.0	208.0	232.0	156.0	177.0	183.0	186.0	177.0	174.0	223.0	195.0	193.0	162.0
alpha_rarefaction_402_1.txt	402	1	208.0	217.0	218.0	212.0	164.0	220.0	213.0	197.0	198.0	205.0	219.0	199.0	221.0	187.0	214.0	201.0	204.0	202.0	234.0	227.0	220.0	198.0	204.0	178.0	212.0	186.0	175.0	174.0	215.0	127.0	177.0	148.0	151.0	145.0	218.0	172.0	178.0	160.0	197.0	177.0	150.0	221.0	179.0	193.0	230.0	193.0	196.0	176.0	230.0	219.0	166.0	181.0	172.0	201.0	175.0	177.0	201.0	193.0	185.0	163.0
alpha_rarefaction_402_2.txt	402	2	227.0	216.0	228.0	215.0	190.0	212.0	219.0	201.0	184.0	206.0	201.0	215.0	222.0	184.0	218.0	201.0	211.0	189.0	248.0	237.0	216.0	192.0	191.0	185.0	206.0	194.0	192.0	159.0	225.0	128.0	163.0	145.0	143.0	151.0	212.0	179.0	182.0	164.0	191.0	178.0	163.0	217.0	187.0	209.0	216.0	194.0	187.0	179.0	221.0	217.0	180.0	192.0	186.0	188.0	179.0	168.0	206.0	195.0	163.0	171.0
alpha_rarefaction_402_3.txt	402	3	220.0	214.0	216.0	216.0	179.0	222.0	225.0	200.0	188.0	196.0	209.0	202.0	231.0	189.0	220.0	192.0	211.0	197.0	240.0	227.0	234.0	196.0	201.0	201.0	215.0	209.0	193.0	177.0	238.0	145.0	175.0	153.0	159.0	143.0	238.0	163.0	176.0	170.0	176.0	186.0	156.0	192.0	189.0	184.0	234.0	203.0	198.0	180.0	216.0	221.0	161.0	182.0	178.0	192.0	171.0	172.0	215.0	190.0	171.0	183.0
alpha_rarefaction_402_4.txt	402	4	217.0	206.0	222.0	209.0	181.0	211.0	224.0	182.0	194.0	193.0	215.0	202.0	220.0	176.0	211.0	193.0	207.0	196.0	227.0	215.0	236.0	199.0	201.0	175.0	192.0	196.0	186.0	162.0	222.0	140.0	177.0	130.0	149.0	153.0	226.0	168.0	180.0	161.0	209.0	173.0	167.0	207.0	185.0	187.0	226.0	215.0	213.0	168.0	206.0	219.0	166.0	171.0	180.0	209.0	188.0	182.0	211.0	194.0	191.0	170.0
alpha_rarefaction_402_5.txt	402	5	224.0	214.0	221.0	216.0	179.0	197.0	224.0	197.0	194.0	198.0	223.0	211.0	231.0	184.0	219.0	200.0	195.0	196.0	222.0	234.0	236.0	185.0	197.0	184.0	202.0	197.0	177.0	166.0	217.0	144.0	184.0	148.0	158.0	136.0	218.0	173.0	186.0	159.0	193.0	191.0	159.0	214.0	177.0	191.0	224.0	204.0	209.0	171.0	220.0	210.0	165.0	181.0	178.0	185.0	159.0	168.0	224.0	174.0	184.0	176.0
alpha_rarefaction_402_6.txt	402	6	225.0	216.0	213.0	202.0	168.0	196.0	232.0	196.0	200.0	197.0	197.0	203.0	223.0	181.0	214.0	188.0	194.0	205.0	236.0	203.0	222.0	217.0	193.0	200.0	214.0	197.0	188.0	161.0	209.0	144.0	173.0	148.0	163.0	151.0	218.0	167.0	177.0	154.0	183.0	177.0	156.0	209.0	190.0	179.0	240.0	213.0	204.0	165.0	230.0	222.0	161.0	174.0	201.0	202.0	176.0	173.0	210.0	198.0	181.0	169.0
alpha_rarefaction_402_7.txt	402	7	211.0	219.0	216.0	207.0	168.0	215.0	234.0	190.0	193.0	181.0	220.0	210.0	216.0	193.0	220.0	196.0	191.0	186.0	227.0	224.0	224.0	201.0	204.0	171.0	222.0	192.0	173.0	179.0	220.0	138.0	178.0	152.0	154.0	142.0	218.0	180.0	178.0	161.0	186.0	181.0	157.0	216.0	186.0	182.0	221.0	214.0	215.0	174.0	203.0	213.0	177.0	178.0	184.0	192.0	164.0	168.0	211.0	178.0	193.0	171.0
alpha_rarefaction_402_8.txt	402	8	218.0	205.0	218.0	214.0	166.0	205.0	220.0	192.0	207.0	197.0	208.0	211.0	214.0	180.0	218.0	206.0	199.0	192.0	226.0	217.0	225.0	200.0	195.0	184.0	221.0	197.0	192.0	178.0	237.0	138.0	171.0	147.0	158.0	136.0	220.0	182.0	181.0	151.0	176.0	196.0	151.0	201.0	185.0	173.0	230.0	210.0	209.0	169.0	208.0	202.0	168.0	178.0	183.0	190.0	168.0	174.0	215.0	187.0	186.0	183.0
alpha_rarefaction_402_9.txt	402	9	229.0	214.0	222.0	207.0	179.0	216.0	207.0	200.0	208.0	185.0	228.0	200.0	224.0	180.0	217.0	200.0	191.0	201.0	244.0	225.0	230.0	194.0	203.0	178.0	206.0	191.0	173.0	169.0	229.0	127.0	172.0	160.0	155.0	144.0	217.0	170.0	185.0	158.0	187.0	177.0	152.0	214.0	179.0	183.0	235.0	216.0	190.0	176.0	214.0	223.0	162.0	193.0	190.0	200.0	158.0	183.0	203.0	197.0	189.0	166.0
alpha_rarefaction_451_0.txt	451	0	233.0	230.0	249.0	221.0	187.0	223.0	247.0	218.0	202.0	204.0	225.0	225.0	250.0	199.0	232.0	202.0	221.0	219.0	257.0	236.0	248.0	204.0	208.0	196.0	231.0	216.0	203.0	183.0	249.0	156.0	181.0	164.0	179.0	154.0	244.0	177.0	192.0	162.0	195.0	196.0	175.0	236.0	188.0	205.0	258.0	228.0	219.0	193.0	226.0	249.0	190.0	200.0	188.0	222.0	179.0	193.0	220.0	186.0	196.0	188.0
alpha_rarefaction_451_1.txt	451	1	254.0	225.0	253.0	232.0	180.0	232.0	250.0	223.0	202.0	202.0	232.0	213.0	243.0	194.0	235.0	201.0	234.0	206.0	248.0	238.0	240.0	211.0	204.0	207.0	247.0	215.0	195.0	182.0	227.0	150.0	188.0	168.0	167.0	160.0	254.0	184.0	196.0	186.0	202.0	200.0	158.0	242.0	189.0	202.0	235.0	225.0	209.0	191.0	233.0	257.0	188.0	199.0	195.0	224.0	201.0	183.0	226.0	214.0	203.0	166.0
alpha_rarefaction_451_2.txt	451	2	239.0	226.0	251.0	229.0	172.0	215.0	247.0	209.0	215.0	206.0	234.0	226.0	238.0	212.0	237.0	210.0	215.0	205.0	258.0	232.0	242.0	219.0	215.0	202.0	217.0	212.0	194.0	196.0	246.0	149.0	190.0	164.0	168.0	166.0	247.0	184.0	198.0	176.0	216.0	189.0	173.0	240.0	195.0	211.0	254.0	218.0	215.0	184.0	229.0	227.0	195.0	193.0	192.0	212.0	177.0	181.0	236.0	201.0	196.0	182.0
alpha_rarefaction_451_3.txt	451	3	227.0	229.0	252.0	227.0	186.0	226.0	248.0	217.0	209.0	208.0	227.0	228.0	239.0	201.0	233.0	217.0	215.0	225.0	251.0	247.0	244.0	226.0	214.0	198.0	237.0	213.0	212.0	175.0	238.0	160.0	185.0	159.0	163.0	147.0	246.0	176.0	201.0	172.0	219.0	197.0	163.0	234.0	197.0	205.0	260.0	221.0	221.0	188.0	239.0	229.0	178.0	183.0	210.0	204.0	176.0	190.0	239.0	203.0	201.0	188.0
alpha_rarefaction_451_4.txt	451	4	240.0	239.0	226.0	236.0	187.0	220.0	229.0	219.0	225.0	207.0	240.0	234.0	243.0	198.0	234.0	220.0	226.0	200.0	250.0	234.0	239.0	197.0	213.0	196.0	245.0	211.0	208.0	183.0	236.0	151.0	198.0	161.0	158.0	162.0	241.0	183.0	192.0	177.0	193.0	206.0	160.0	232.0	181.0	218.0	270.0	225.0	233.0	195.0	244.0	241.0	184.0	193.0	189.0	216.0	191.0	190.0	235.0	214.0	203.0	182.0
alpha_rarefaction_451_5.txt	451	5	227.0	237.0	250.0	217.0	177.0	238.0	233.0	227.0	207.0	215.0	236.0	226.0	244.0	201.0	229.0	219.0	224.0	214.0	250.0	249.0	242.0	213.0	219.0	198.0	228.0	200.0	196.0	198.0	239.0	153.0	189.0	162.0	173.0	153.0	226.0	182.0	203.0	175.0	212.0	198.0	168.0	238.0	205.0	202.0	246.0	224.0	215.0	179.0	232.0	239.0	172.0	193.0	202.0	183.0	183.0	195.0	223.0	209.0	194.0	171.0
alpha_rarefaction_451_6.txt	451	6	250.0	229.0	244.0	219.0	183.0	232.0	247.0	210.0	207.0	203.0	242.0	224.0	230.0	195.0	239.0	204.0	211.0	213.0	261.0	237.0	240.0	206.0	205.0	196.0	233.0	213.0	202.0	186.0	240.0	156.0	172.0	155.0	164.0	177.0	255.0	199.0	196.0	161.0	217.0	216.0	164.0	225.0	204.0	203.0	254.0	236.0	220.0	186.0	240.0	226.0	173.0	196.0	197.0	206.0	197.0	192.0	214.0	201.0	196.0	193.0
alpha_rarefaction_451_7.txt	451	7	229.0	227.0	241.0	209.0	177.0	238.0	245.0	204.0	217.0	210.0	226.0	223.0	240.0	203.0	241.0	219.0	216.0	200.0	257.0	243.0	257.0	213.0	215.0	199.0	219.0	222.0	202.0	175.0	239.0	153.0	196.0	161.0	149.0	143.0	243.0	177.0	198.0	169.0	209.0	199.0	165.0	229.0	195.0	210.0	271.0	236.0	223.0	193.0	229.0	235.0	181.0	200.0	197.0	213.0	177.0	184.0	216.0	195.0	196.0	186.0
alpha_rarefaction_451_8.txt	451	8	246.0	220.0	229.0	232.0	182.0	221.0	250.0	210.0	218.0	209.0	245.0	231.0	239.0	200.0	234.0	206.0	214.0	204.0	248.0	249.0	236.0	217.0	214.0	200.0	233.0	206.0	200.0	189.0	249.0	152.0	193.0	165.0	166.0	162.0	233.0	171.0	204.0	160.0	198.0	203.0	153.0	239.0	192.0	202.0	245.0	216.0	228.0	190.0	236.0	226.0	179.0	188.0	196.0	209.0	169.0	182.0	229.0	207.0	189.0	174.0
alpha_rarefaction_451_9.txt	451	9	238.0	230.0	228.0	223.0	178.0	208.0	236.0	206.0	216.0	194.0	241.0	215.0	248.0	199.0	239.0	205.0	223.0	199.0	257.0	235.0	239.0	203.0	211.0	203.0	239.0	218.0	204.0	189.0	248.0	162.0	186.0	160.0	156.0	166.0	234.0	192.0	193.0	177.0	197.0	195.0	176.0	227.0	184.0	211.0	246.0	210.0	215.0	183.0	227.0	229.0	171.0	200.0	180.0	211.0	185.0	190.0	228.0	199.0	196.0	191.0
alpha_rarefaction_500_0.txt	500	0	255.0	242.0	267.0	236.0	199.0	242.0	257.0	220.0	220.0	226.0	267.0	254.0	254.0	219.0	249.0	224.0	226.0	219.0	273.0	250.0	243.0	224.0	223.0	217.0	241.0	221.0	200.0	217.0	269.0	169.0	203.0	178.0	179.0	169.0	246.0	185.0	203.0	198.0	214.0	225.0	162.0	251.0	208.0	224.0	270.0	244.0	246.0	203.0	241.0	270.0	193.0	214.0	215.0	243.0	181.0	194.0	248.0	226.0	215.0	194.0
alpha_rarefaction_500_1.txt	500	1	263.0	242.0	251.0	244.0	193.0	236.0	267.0	235.0	239.0	225.0	253.0	245.0	264.0	212.0	254.0	231.0	231.0	219.0	298.0	256.0	270.0	228.0	218.0	219.0	245.0	218.0	215.0	198.0	276.0	161.0	205.0	178.0	186.0	170.0	261.0	200.0	214.0	181.0	213.0	200.0	175.0	247.0	207.0	216.0	272.0	237.0	228.0	197.0	265.0	258.0	180.0	196.0	220.0	237.0	186.0	214.0	248.0	218.0	221.0	186.0
alpha_rarefaction_500_2.txt	500	2	251.0	250.0	268.0	242.0	220.0	248.0	258.0	247.0	237.0	216.0	240.0	238.0	263.0	221.0	255.0	231.0	239.0	215.0	275.0	263.0	260.0	230.0	229.0	222.0	261.0	222.0	222.0	212.0	273.0	162.0	202.0	179.0	180.0	178.0	269.0	193.0	214.0	194.0	208.0	209.0	179.0	237.0	212.0	225.0	268.0	246.0	236.0	194.0	250.0	270.0	190.0	207.0	198.0	219.0	183.0	200.0	248.0	207.0	217.0	205.0
alpha_rarefaction_500_3.txt	500	3	242.0	245.0	271.0	241.0	187.0	236.0	270.0	243.0	225.0	222.0	253.0	251.0	255.0	216.0	249.0	232.0	229.0	222.0	269.0	244.0	243.0	236.0	225.0	221.0	246.0	226.0	227.0	200.0	257.0	164.0	199.0	170.0	186.0	171.0	266.0	200.0	205.0	187.0	216.0	204.0	179.0	241.0	199.0	231.0	262.0	226.0	243.0	200.0	254.0	274.0	186.0	195.0	214.0	220.0	207.0	206.0	252.0	224.0	212.0	190.0
alpha_rarefaction_500_4.txt	500	4	232.0	239.0	262.0	245.0	201.0	237.0	268.0	232.0	226.0	229.0	239.0	240.0	273.0	222.0	251.0	223.0	239.0	210.0	274.0	262.0	270.0	236.0	217.0	222.0	240.0	213.0	206.0	189.0	264.0	171.0	213.0	185.0	176.0	154.0	269.0	197.0	220.0	193.0	214.0	209.0	190.0	260.0	198.0	223.0	257.0	246.0	250.0	194.0	250.0	255.0	195.0	234.0	211.0	225.0	192.0	201.0	247.0	228.0	211.0	206.0
alpha_rarefaction_500_5.txt	500	5	256.0	240.0	252.0	247.0	198.0	228.0	265.0	227.0	234.0	220.0	263.0	248.0	264.0	224.0	250.0	224.0	224.0	208.0	274.0	267.0	271.0	232.0	234.0	205.0	254.0	223.0	216.0	196.0	273.0	160.0	200.0	172.0	176.0	158.0	259.0	182.0	196.0	177.0	215.0	221.0	176.0	240.0	230.0	214.0	270.0	243.0	225.0	193.0	234.0	258.0	192.0	211.0	221.0	235.0	212.0	195.0	250.0	215.0	211.0	196.0
alpha_rarefaction_500_6.txt	500	6	258.0	242.0	253.0	235.0	198.0	244.0	258.0	223.0	228.0	219.0	248.0	256.0	268.0	213.0	254.0	231.0	242.0	217.0	271.0	265.0	242.0	239.0	244.0	227.0	251.0	229.0	218.0	211.0	265.0	178.0	194.0	179.0	172.0	167.0	251.0	206.0	207.0	195.0	222.0	212.0	197.0	263.0	205.0	222.0	275.0	229.0	257.0	210.0	251.0	270.0	188.0	210.0	201.0	232.0	200.0	208.0	238.0	217.0	203.0	194.0
alpha_rarefaction_500_7.txt	500	7	261.0	245.0	266.0	240.0	196.0	258.0	274.0	229.0	222.0	225.0	253.0	241.0	266.0	223.0	255.0	234.0	219.0	232.0	279.0	268.0	265.0	241.0	233.0	210.0	240.0	222.0	208.0	198.0	256.0	161.0	186.0	175.0	182.0	170.0	255.0	211.0	218.0	186.0	217.0	210.0	186.0	253.0	209.0	242.0	263.0	232.0	249.0	202.0	261.0	271.0	180.0	224.0	210.0	224.0	204.0	201.0	253.0	223.0	207.0	192.0
alpha_rarefaction_500_8.txt	500	8	243.0	251.0	257.0	231.0	189.0	226.0	268.0	239.0	237.0	229.0	252.0	236.0	252.0	211.0	258.0	218.0	229.0	227.0	282.0	282.0	257.0	245.0	232.0	226.0	238.0	237.0	223.0	203.0	260.0	159.0	204.0	194.0	189.0	168.0	273.0	203.0	220.0	184.0	221.0	206.0	183.0	258.0	209.0	218.0	283.0	238.0	231.0	196.0	262.0	237.0	192.0	204.0	208.0	235.0	195.0	208.0	236.0	225.0	200.0	203.0
alpha_rarefaction_500_9.txt	500	9	260.0	248.0	253.0	247.0	202.0	244.0	258.0	228.0	224.0	214.0	259.0	236.0	261.0	221.0	254.0	216.0	232.0	224.0	268.0	247.0	256.0	236.0	221.0	224.0	256.0	212.0	215.0	206.0	274.0	169.0	198.0	188.0	193.0	191.0	278.0	205.0	205.0	187.0	227.0	213.0	175.0	247.0	208.0	222.0	271.0	255.0	229.0	219.0	250.0	249.0	193.0	207.0	210.0	224.0	199.0	193.0	238.0	231.0	220.0	189.0