	sequences per sample	iteration	Amz22chld.418485	Amz25chld.418466	Amz26chld.418481	Amz29adlt.418370	Amz2adltF.418633	Amz30adlt.418837	Amz32eldF.418511	Amz4adltF.418711	Amz4chldM2.418774	Amz5chldF1.418757	Amz5chldF2.418405	Amz5teenF.418519	Amz6chldM.418668	Amz6eldF.418597	Amz6eldM.418356	Amz7eldM.418423	TS1.418828	TS109.418691	TS111.418684	TS127.418550	TS129.418618	TS13.418619	TS163.418636	TS184.418577	TS193.418750	TS195.418848	TS25.418407	TS4.418810	TS7.418860	USchp18Mom.418783	USchp1Mom.418814	USchp25Child.418345	USchp25Mom.418780	USchp33ChildB.418578	USchp36Mom.418718	USchp3Child.418614	USchp3Mom.418727	USchp4Mom.418666	h101M.1.418586	h10M.1.418706	h122M.1.418534	h146M.1.418838	h147M.1.418531	h165M.1.418394	h186M.1.418788	h208M.1.418731	h235M.1.418489	h257M.1.418454	h264M.1.418377	h273M.1.418507	h279M.1.418530	h305M.1.418771	h37M.1.418863	h60M.1.418694	h68M.1.418773	h78M.1.418725	h85M.1.418596	h95M.1.418831	h9M.1.418588	k278A.2.418424
alpha_rarefaction_10_0.txt	10	0	3.33827	2.59699	3.40061	2.37632	2.46652	3.26541	3.14651	3.05095	2.46042	2.71577	3.10617	3.42119	3.04996	2.38546	2.49448	3.07448	3.69852	2.54092	1.99457	2.7096	2.93357	1.76449	2.86271	2.51258	2.37973	2.64023	2.27507	2.70216	2.92461	2.32819	3.16771	2.53115	2.44107	2.22814	2.57563	2.90438	3.04846	2.98358	3.19092	2.63636	2.29796	3.54323	2.46545	2.7811	2.58129	3.20799	3.27292	2.74843	3.3071	2.71998	2.40044	2.5194	3.03163	3.22071	2.48251	2.95749	2.6457	2.63354	2.47187	2.82918
alpha_rarefaction_10_1.txt	10	1	2.98963	3.60888	3.49215	2.76275	2.47196	3.50116	2.42032	2.74198	2.49939	2.45056	2.63308	2.40259	2.68335	2.97627	2.75235	3.00694	3.67822	3.04139	2.80426	3.04596	3.12908	2.31244	2.32142	1.92248	1.97978	3.34484	2.60116	2.84108	3.13681	3.11484	2.67394	3.26589	2.82325	2.31775	3.04604	2.32923	2.54074	2.37275	2.40558	2.99178	2.79622	3.30889	2.68379	2.63796	2.64736	2.69355	3.32939	2.64007	2.78246	3.19851	2.85174	3.12606	3.52841	3.55214	2.77273	3.12815	2.93698	3.0307	2.81775	2.5125
alpha_rarefaction_10_2.txt	10	2	3.23425	3.17773	3.56315	2.47713	3.56039	2.20843	3.03116	2.86728	2.22144	2.45245	2.59956	3.56859	2.44021	2.77136	3.59649	3.35946	3.11657	2.12494	2.27531	3.10719	3.05756	2.48607	2.21161	1.99577	2.56862	2.92575	2.82193	2.98766	2.63671	2.67554	2.71553	3.25312	3.27831	2.15465	2.59391	2.89732	2.73067	2.82573	2.30442	2.91486	2.73696	2.82969	2.62817	3.03267	2.41771	2.79598	3.16159	2.79423	2.70482	2.53784	2.76792	3.57968	2.85879	3.39589	2.74452	2.19101	2.69493	2.76896	2.74983	2.76884
alpha_rarefaction_10_3.txt	10	3	2.88103	2.51021	3.33856	3.31093	3.4257	2.75178	2.51112	3.09298	2.33427	2.89539	2.41346	2.51357	2.92	3.08881	2.67111	1.89877	2.81965	2.60846	2.89779	2.33194	3.19366	2.52631	2.36345	2.04983	2.86951	2.28038	3.19322	2.24505	2.30143	2.83216	2.7792	2.59234	2.81668	2.35979	2.92008	2.64236	3.02367	2.04309	2.78716	3.11884	2.7463	2.94665	2.51923	2.76626	2.49358	2.84033	2.85611	2.71424	2.62368	2.78981	2.88853	3.08712	3.09528	3.36574	2.92851	2.27821	3.19893	3.17067	2.69001	3.615
alpha_rarefaction_10_4.txt	10	4	2.88533	2.78689	1.90156	2.32217	2.79418	3.12603	3.08892	2.72854	2.60795	2.8735	2.42773	3.04183	3.10215	2.71772	2.92046	2.262	2.48642	2.42262	3.49332	2.3289	2.79021	1.89341	2.66938	2.45089	2.10814	3.21104	2.75451	2.0532	2.77731	3.43023	2.87224	2.89784	3.01656	2.38326	1.93945	2.9865	2.81373	2.58585	2.78421	2.55009	2.62557	3.39746	2.8046	2.74146	3.33964	2.81838	3.73467	2.35522	2.98772	2.55193	3.33164	3.64102	3.04463	2.96546	2.42294	2.82115	2.99439	3.24175	3.04185	2.90387
alpha_rarefaction_10_5.txt	10	5	2.97271	3.24008	2.39459	3.11445	2.46526	2.88335	3.42362	2.93414	2.33792	2.64866	3.15193	3.1428	2.84687	3.33583	2.75605	2.33113	2.55979	2.51187	2.20105	3.08894	2.56927	2.54521	2.25842	2.07377	2.52908	3.1059	3.12007	2.03498	3.34525	1.88714	3.14853	2.56269	2.54179	2.62199	2.93458	3.40425	3.63995	2.11366	2.53438	3.36964	2.97473	3.16202	2.85946	2.61718	2.40971	2.21847	3.28259	2.50183	2.18585	3.18042	3.42449	3.11909	3.18885	2.67991	3.09464	2.85829	2.70609	3.16231	2.59042	3.25227
alpha_rarefaction_10_6.txt	10	6	2.77464	2.73545	3.37173	2.3387	2.22263	2.59339	2.7607	3.94138	2.24148	2.40167	3.14293	2.93389	2.82515	2.62024	4.00182	2.52283	3.09525	2.00841	2.50404	2.84166	2.28711	2.93173	2.57743	2.31621	3.02781	2.38677	2.88537	2.42956	2.99663	2.95728	3.23084	3.26207	1.3688	2.39415	2.5696	3.02824	2.33312	2.51774	2.67127	2.84129	2.29822	2.85975	2.38	3.00778	2.73482	2.50417	1.93273	2.23073	2.4082	2.86	2.79231	3.55336	3.20946	2.70659	3.02919	3.15655	2.74773	3.02117	2.72739	3.17858
alpha_rarefaction_10_7.txt	10	7	2.95139	3.2946	3.44001	3.52331	2.69357	3.18022	2.91766	3.06225	2.3154	2.30931	2.35787	3.08337	3.25627	2.6219	2.98925	2.55691	3.07922	2.38649	2.4362	2.0726	2.95607	2.47384	2.95943	2.71426	2.39555	2.51996	3.24472	2.38723	3.11528	2.72903	2.93754	3.26313	2.96547	2.69618	2.67785	3.06496	3.01792	2.33407	2.90912	2.67164	2.7033	3.51042	2.52946	2.6113	3.04379	2.65758	3.3194	2.27449	2.41242	2.28514	2.40579	3.71077	2.47366	2.59206	2.40654	2.33333	2.81584	2.72178	3.10141	2.33028
alpha_rarefaction_10_8.txt	10	8	2.18063	2.61725	3.3785	2.3897	1.95943	3.26291	2.81282	2.2586	2.66943	2.4941	3.3683	2.56573	2.7206	2.78635	2.66965	3.35975	3.01142	2.99201	2.42722	3.14353	2.40895	2.86409	3.05588	3.02565	2.78919	2.9875	2.70901	2.86553	2.55295	2.48792	3.17645	2.26863	2.90348	2.34098	2.84527	2.01898	2.86339	2.81536	2.58895	2.85346	2.31577	2.90529	3.24633	2.59424	3.27352	2.4538	2.97771	2.71934	2.99121	3.36565	2.5159	3.61991	2.89665	3.47403	2.53391	2.99695	2.64616	2.34805	3.15616	2.76051
alpha_rarefaction_10_9.txt	10	9	2.77953	2.88945	2.80914	3.24389	1.99956	2.73742	2.72447	3.08219	2.93707	1.95507	2.88927	2.10462	2.78239	3.17121	2.33842	2.41239	2.82381	2.54145	3.18311	2.38126	2.40862	2.30729	2.85493	2.20228	3.10325	2.76217	2.87397	2.52289	2.93071	3.13197	3.16972	2.57064	2.97662	2.29747	2.9476	2.9245	3.19598	2.30087	3.0924	2.36816	2.40491	3.22564	2.89349	2.72775	3.25536	2.30162	3.19795	1.89083	2.97081	2.90681	3.05744	3.44897	4.1634	3.02324	2.37479	2.49568	2.32194	3.50496	2.81664	2.75282
alpha_rarefaction_59_0.txt	59	0	6.81538	7.16191	7.86929	6.26886	6.86439	7.95766	8.58092	8.5004	6.08677	6.34128	7.387	7.16095	7.4597	5.31472	7.83754	7.12099	7.21356	6.12373	7.22662	7.74087	6.89818	6.89826	6.8108	5.75864	6.82355	7.11516	7.42481	5.76609	6.43759	5.51037	6.06466	6.61695	6.2651	5.71362	7.56721	5.82994	7.64973	5.49541	6.89945	6.98041	4.3792	7.22091	6.44247	6.10929	7.44893	6.84387	8.72913	4.88782	8.35237	7.05978	6.14697	9.12184	7.95062	7.10188	7.02014	6.64992	7.34298	6.74199	7.20807	6.53604
alpha_rarefaction_59_1.txt	59	1	6.91352	7.91681	8.33044	7.30421	6.73358	7.96146	6.22388	8.09827	6.34979	5.91417	7.21096	7.84576	8.44132	6.36504	9.37461	8.22143	7.41102	5.51352	8.92903	7.23467	7.85928	6.1453	5.8974	5.46256	6.25242	6.09783	7.42935	5.4657	7.85799	5.68721	6.77348	6.75653	6.20341	4.68305	7.31512	5.32072	6.73145	5.98812	6.8513	6.55528	5.74174	8.12369	7.52755	6.09834	8.23276	7.22323	7.96632	5.79839	7.24263	7.40832	7.57232	9.09719	6.29401	6.22638	6.83591	5.40203	6.91718	7.32017	6.81448	7.23324
alpha_rarefaction_59_2.txt	59	2	6.41564	6.90009	8.21722	7.63048	5.64408	8.67231	7.186	7.6336	6.73975	7.00507	6.9911	8.17154	7.91846	5.93127	9.55894	7.31296	8.23427	6.4629	7.23435	7.83813	6.97364	6.54204	6.32025	5.60939	5.66387	6.86877	6.38846	5.66	6.44056	6.26831	6.37886	6.90401	6.14296	5.0986	7.69556	6.16546	7.29665	5.27279	8.01983	7.74315	6.51738	6.72659	7.4205	7.67004	8.7951	7.00498	8.75591	5.5043	8.03475	7.05093	5.61837	9.43888	7.5734	6.74483	7.14507	6.59047	6.56074	8.23888	6.04021	6.33248
alpha_rarefaction_59_3.txt	59	3	5.78526	7.71444	7.53606	6.9395	7.23674	7.67214	7.49652	8.07376	7.6416	4.77019	7.31603	7.57959	7.71365	5.78226	8.23014	6.28511	7.38945	5.56379	8.38465	7.48528	8.32816	6.01119	6.73735	4.89478	5.91693	6.48308	6.59708	5.10804	7.32218	5.44744	7.83205	6.57803	6.55407	4.75488	8.35498	6.99813	7.97919	4.95893	7.32793	8.59144	6.30893	7.2095	7.02731	6.31294	7.47942	6.43146	8.12733	5.10846	7.40947	9.18876	5.80594	7.77359	7.66437	7.17788	6.25335	7.16678	6.2706	7.4619	5.88077	7.00393
alpha_rarefaction_59_4.txt	59	4	7.73015	6.42034	6.99191	7.43654	5.3745	9.58769	7.05884	7.99486	6.05024	6.17539	7.49793	6.68123	8.09823	5.85986	9.42641	6.01708	8.46786	5.1159	8.18896	9.38139	7.39041	7.54201	5.95844	5.56617	6.40476	6.79799	7.99961	5.76395	7.17502	5.00888	6.90583	6.5734	6.59202	6.58777	7.55136	8.05633	6.52378	4.86282	6.41554	6.96336	6.23216	6.49997	6.87192	6.86069	8.17562	6.89261	7.87752	5.49025	7.76086	8.37521	6.02204	8.89045	7.85832	7.00413	6.49725	5.71544	7.36179	8.52846	5.25873	6.46274
alpha_rarefaction_59_5.txt	59	5	7.96375	6.97963	8.12674	7.39911	5.80045	8.50552	7.29947	7.0854	6.12005	6.21038	6.7549	7.71748	8.02055	6.80473	8.11778	6.41931	7.79481	6.36044	6.26647	6.95969	8.14533	5.696	5.95045	5.54138	5.75678	6.47046	6.88206	5.36924	7.41744	5.13062	7.2331	5.92752	7.17699	5.33018	7.43079	6.12794	7.94659	5.66829	6.70775	7.37556	6.66861	7.86073	8.4373	6.70581	8.28801	7.53312	7.51694	4.59001	7.67392	6.76061	6.45899	9.19813	7.23452	7.05076	6.86665	6.05714	7.58359	6.71674	5.57426	6.55705
alpha_rarefaction_59_6.txt	59	6	7.52641	6.90586	7.87723	6.91582	6.11465	8.88895	7.59832	9.89562	7.19197	6.30804	7.79622	7.42227	7.88451	6.33931	8.55416	7.39283	7.55142	6.60055	7.30578	9.28064	8.07693	7.01028	6.17399	5.12454	6.11959	6.28762	7.14485	5.53002	6.49954	4.77749	6.78523	5.67265	6.13908	6.43436	7.35807	7.00155	6.15959	5.41953	7.28852	6.98911	5.3792	7.21837	7.54334	6.90808	7.80235	6.83787	8.40046	5.35912	7.60135	7.04857	7.32948	9.01956	7.57379	7.32861	7.70828	6.29053	7.39589	7.87183	6.1815	6.55616
alpha_rarefaction_59_7.txt	59	7	8.2501	7.13617	8.86769	7.47729	5.57071	8.41023	8.62542	7.58075	7.12208	5.31891	7.86132	7.76969	7.61454	5.62175	8.98538	6.39204	8.30985	6.53701	6.9271	8.02344	6.72224	5.90186	5.88022	5.35624	6.12686	6.43312	8.1196	5.54664	7.07819	5.8021	6.82888	5.31627	6.32841	6.51419	7.4719	6.39491	8.37494	5.40317	6.56772	7.46909	5.03733	8.16493	7.9204	7.14118	8.03689	7.09868	8.42385	4.56355	7.57311	7.56967	7.81839	9.97464	8.20835	7.33863	5.83104	6.77248	7.66449	7.47946	5.61627	7.62782
alpha_rarefaction_59_8.txt	59	8	7.19358	6.96549	6.98943	7.96084	5.16598	7.54928	8.81933	9.17656	6.60843	7.53739	5.77628	6.95119	7.42726	6.82749	8.75542	8.21541	8.10989	6.0911	7.45317	8.17848	7.17879	6.15844	6.51856	5.90112	6.21142	6.65009	7.58701	6.12479	6.58163	5.40592	6.59012	6.61078	6.8863	5.42641	8.43712	6.98996	6.68218	6.26555	6.82608	7.30157	9.03077	7.45241	7.75735	6.03362	8.60865	6.2688	8.18259	5.22557	8.05202	7.51029	6.04094	8.40078	7.82499	7.40814	6.25785	6.60081	6.03778	6.85823	5.40622	6.79663
alpha_rarefaction_59_9.txt	59	9	7.55279	7.20759	7.99178	6.05557	6.41213	8.40406	8.06036	7.67824	6.59492	6.01144	7.72153	7.23476	7.94744	6.29579	8.22403	6.27622	8.5983	5.99499	7.28697	8.59588	6.91581	7.32135	6.20312	4.73644	5.95802	7.13685	6.48027	4.68391	7.60719	5.62394	6.15546	6.37741	6.43815	4.87226	7.90625	6.74119	7.46775	5.41124	6.67517	7.55601	7.03885	7.64837	6.31007	5.28187	7.04283	7.00242	8.72011	5.41671	7.33044	7.14119	6.48145	8.92982	6.59805	6.84184	6.20725	6.1876	6.83112	6.88447	6.21987	6.8319
alpha_rarefaction_108_0.txt	108	0	10.32881	9.89836	10.30647	9.03507	9.93147	11.64125	10.04839	10.4228	8.50337	7.20715	9.71543	10.71844	10.36695	7.96012	12.14766	8.49186	11.55839	7.5068	10.01748	11.54563	8.91698	8.79426	8.17767	7.02627	7.67811	9.01576	10.50798	6.50334	9.76159	7.14499	7.89734	7.92143	8.44411	7.46137	10.49821	8.37331	9.66347	6.52492	9.56167	10.20685	9.04977	10.79044	8.24954	8.62101	10.61704	9.29845	12.2919	7.00188	9.8563	10.21711	8.56731	11.59069	11.01975	9.47595	9.02318	7.48459	10.32239	9.49027	7.81509	8.22191
alpha_rarefaction_108_1.txt	108	1	9.65916	8.62568	10.90744	9.70843	8.25007	11.24804	10.74494	11.25184	10.49226	6.52518	10.66613	10.36511	11.95007	8.93612	12.17451	9.79713	10.44905	7.54491	11.03704	11.01813	9.76424	9.46942	7.71878	6.71001	8.37958	8.93158	10.35652	7.84428	9.22576	7.48554	9.13584	8.52937	8.44265	7.75027	9.64558	8.21667	8.93282	7.24836	10.09309	10.1231	9.66064	11.01812	9.45211	10.01888	10.33227	9.47393	11.20373	7.04003	10.89928	11.16352	10.13622	13.05431	9.76779	9.11691	7.68115	8.41569	10.94017	11.16366	8.00432	9.15021
alpha_rarefaction_108_2.txt	108	2	11.33612	8.98712	10.45909	8.54287	9.30348	11.33349	10.3493	10.15839	8.77987	8.0538	9.37579	10.58231	11.53694	8.17238	12.08655	9.76422	9.58719	8.12871	9.6727	9.7396	10.4894	8.16572	8.69026	6.63435	8.05762	9.50126	9.92416	6.92202	10.26304	6.58391	7.82083	9.16218	7.59183	7.15474	8.98451	9.13869	10.02044	8.51171	10.23748	9.12373	8.56108	11.10823	10.26213	9.47645	12.09692	10.05127	10.46955	7.45178	10.67071	11.27561	8.53308	12.44778	10.13613	9.66412	8.40518	8.08692	10.50276	9.94862	7.54701	9.30286
alpha_rarefaction_108_3.txt	108	3	8.57641	9.5739	10.31671	9.72547	8.52154	11.93888	11.22188	11.77267	9.24779	8.10672	10.6234	10.39162	10.02392	9.83399	13.37981	9.57911	10.34433	7.98884	10.17881	9.98565	10.43878	8.84229	8.51413	7.81846	8.7452	9.60752	10.22922	6.95724	9.42354	7.65736	8.21541	8.24419	8.28858	6.85431	9.68939	8.68765	8.25451	8.2584	9.22386	9.59187	7.68353	10.62346	9.71868	8.61516	11.67061	9.38066	11.55787	6.93438	9.67677	10.82735	8.50346	12.91893	11.60933	9.5429	8.71703	9.01714	9.04979	9.49047	9.94522	9.51599
alpha_rarefaction_108_4.txt	108	4	10.08793	10.53893	11.32008	9.43902	7.09663	10.60161	10.26304	11.40749	9.39701	7.90459	9.45411	9.27592	10.31398	7.4059	12.06741	9.03848	10.16439	7.52363	9.56375	11.39765	9.97824	9.54422	8.3393	7.10503	8.70303	8.53124	10.13108	6.57276	10.17566	6.60358	9.08221	7.70357	7.36969	8.01526	10.59177	8.11359	9.44743	7.03692	10.38579	8.63674	7.44386	11.09638	9.03688	9.37866	12.0928	9.779	10.57755	7.55495	11.19149	10.82619	8.95243	12.31614	9.9656	9.52058	8.94223	7.66941	10.01254	11.39587	7.81031	9.48362
alpha_rarefaction_108_5.txt	108	5	9.34675	9.93935	9.30677	9.93202	9.20474	12.59392	10.96199	10.84503	9.95402	8.45924	8.94716	10.20591	10.96224	8.66368	11.58647	10.23593	9.25733	6.51189	10.06451	11.90662	8.99277	9.334	8.19421	6.36591	8.46699	9.0392	9.12003	6.4385	9.17676	6.55664	9.72947	8.76344	8.29583	7.61304	10.29853	9.17118	9.9117	7.28178	10.66225	9.9467	9.35111	10.37707	10.41407	10.4564	12.97714	9.94621	12.87462	7.23777	11.21596	10.19723	7.81642	13.09027	10.11706	9.1068	8.63972	8.39577	9.78922	8.96507	7.89645	8.69926
alpha_rarefaction_108_6.txt	108	6	8.70412	10.63271	11.95765	9.62438	8.01455	11.63725	10.75725	9.4336	9.30975	7.97355	10.74117	10.39482	9.9693	8.44102	13.35523	9.49542	10.3247	8.25233	10.20949	11.09193	9.697	8.19261	7.98188	6.08669	7.62611	8.39986	10.11228	6.81481	9.21764	6.4504	8.20108	8.794	8.31796	8.17437	9.38882	8.90355	9.62109	7.27269	9.87009	9.97418	7.92604	10.84828	10.7576	8.17513	11.74943	8.86713	10.18254	6.2398	10.41538	10.9871	9.34558	12.41826	10.91158	9.72506	8.93762	7.35049	9.37972	9.93084	7.97159	9.74961
alpha_rarefaction_108_7.txt	108	7	9.53222	8.70593	11.50349	9.69458	7.3999	9.88245	11.20329	11.21033	8.98	9.1033	10.12935	9.23105	11.02222	8.50352	12.88701	10.43407	9.9313	8.95072	11.05297	10.06908	10.15851	9.59968	8.75653	7.93305	8.22282	8.31767	9.55151	6.04066	9.18412	6.81419	8.20997	8.93867	8.52098	7.02658	10.36903	8.88779	9.09851	7.40871	9.81798	9.46069	8.30639	10.77984	9.00479	7.81277	11.12377	9.27188	12.40619	6.28673	10.69623	9.85448	9.71133	12.31761	8.18648	9.36359	9.69177	8.0788	11.22688	9.16697	8.26097	8.599
alpha_rarefaction_108_8.txt	108	8	10.17483	9.86678	10.08138	10.6288	8.36806	10.5803	9.717	11.01428	9.92685	9.55521	12.13556	8.8681	10.38242	9.2716	12.44527	9.29061	8.99084	8.64756	10.32364	9.90909	10.01947	9.2607	7.71812	7.52662	8.67739	8.41362	9.08276	6.9342	8.66502	6.8183	8.32766	9.5628	8.69212	7.20885	10.76777	9.3829	8.79483	7.67285	9.94778	9.49383	7.88952	9.57953	11.37752	8.34333	11.8731	8.88618	12.07234	7.39632	10.84954	10.50234	9.02978	11.53183	10.66037	8.76895	8.2398	8.72806	9.95777	9.27234	8.18897	9.31217
alpha_rarefaction_108_9.txt	108	9	9.93842	9.85004	10.40673	10.00433	8.09287	11.86259	9.96245	10.65294	9.81595	8.43194	9.89542	10.9304	11.20928	8.54481	11.96917	9.57288	9.37993	7.84628	10.88444	9.94057	9.94895	9.29635	7.41903	7.27441	7.81651	7.8455	10.36642	6.64839	8.56362	6.36006	7.63333	9.67816	8.13131	7.30669	10.77368	8.28534	9.4947	6.72186	9.87048	9.96885	9.33426	10.01915	9.87273	8.48982	11.29245	10.18456	12.39642	7.15153	10.36713	10.02715	8.2095	12.48425	10.17889	8.10658	9.70545	8.20795	10.83268	10.67216	8.3306	9.6058
alpha_rarefaction_157_0.txt	157	0	11.55446	12.70479	12.74566	11.28983	10.12468	13.77943	13.47239	13.05115	11.81219	9.56268	12.91316	11.73846	12.37001	10.67652	14.88227	10.27534	12.31316	10.20871	13.35595	13.3707	12.10598	10.43433	9.67865	8.96864	9.73889	10.54282	11.12973	8.11899	11.18901	7.80606	10.03896	10.00451	9.38466	8.13002	13.33397	10.14299	11.02129	8.88065	11.40053	12.10073	11.64686	13.97127	11.959	10.50608	13.91139	12.18552	12.58796	8.00024	13.5971	12.67948	10.77602	15.29227	12.99526	10.69919	10.9785	8.74671	13.68111	13.13468	9.73865	9.45861
alpha_rarefaction_157_1.txt	157	1	12.08925	12.06772	13.30703	11.46355	10.83511	12.81581	13.97595	12.85747	10.19863	9.30123	10.54758	12.06185	12.6984	10.59814	15.01846	10.52006	11.65678	9.01404	11.43909	12.35565	13.21594	10.66003	10.15553	7.70245	10.40096	10.291	12.09983	8.56788	11.9961	8.7016	10.51871	10.04826	8.39964	7.30112	12.38113	10.73037	10.27814	8.96989	12.07013	11.40561	11.38856	13.11712	11.89996	11.67461	15.07807	12.38872	13.18806	8.69707	13.06322	12.40483	9.45636	15.23367	12.1194	12.11314	10.83115	10.57503	12.28268	13.76812	9.60372	10.61282
alpha_rarefaction_157_2.txt	157	2	11.51418	12.78093	13.654	12.11655	9.84329	13.7884	12.40131	12.27516	10.39335	10.05483	12.74279	11.11526	12.22653	10.6019	15.32784	11.3433	12.30121	9.32175	12.22505	13.04181	12.19472	11.42033	9.98296	8.5612	9.0319	10.82681	11.23783	8.90527	9.98279	7.29117	11.59173	9.85671	8.56265	9.72781	12.81633	10.57269	10.58292	8.46479	11.47605	12.54474	10.46879	12.85323	12.90073	11.20559	13.8163	11.68494	13.30711	8.41346	12.66019	12.41641	10.52584	12.74623	13.2511	11.06016	11.39913	10.12405	12.28781	12.51853	9.95802	10.21367
alpha_rarefaction_157_3.txt	157	3	12.57178	11.20456	12.53316	10.92076	9.33212	13.8092	13.50791	11.54451	11.16196	11.92393	13.66594	13.77267	13.79355	10.31135	13.62456	12.05768	11.72408	10.1325	12.8695	11.97606	11.71093	11.0013	9.67736	9.04143	11.16985	10.47014	11.80051	8.11202	11.69535	8.18301	11.09855	10.3928	9.77461	9.19655	13.27955	9.86952	10.85874	8.98763	12.00959	12.45942	12.16005	13.61987	10.97953	9.95276	14.81243	10.79645	13.63383	8.11762	13.36873	13.06758	11.02072	13.86984	13.79053	12.24631	12.56316	10.17228	13.45479	11.9041	10.15174	10.35092
alpha_rarefaction_157_4.txt	157	4	10.65098	11.3807	13.49624	10.76025	9.26866	12.32807	13.64637	12.97933	9.2538	9.88761	11.16989	10.85278	13.08548	10.47517	15.51065	10.65474	11.66509	9.88994	11.97958	11.91413	11.2044	10.45047	10.30334	9.56144	10.0564	10.78192	10.86896	7.54844	10.67971	8.68086	10.35482	11.82636	8.85992	8.94509	11.92233	11.03451	11.44746	9.35734	10.66162	12.39671	11.90714	12.73968	12.41313	10.32769	14.35051	11.64677	15.0188	7.61149	12.39721	12.10966	9.52758	16.11176	12.38433	10.5689	11.11525	8.64191	13.78098	12.3847	9.63365	10.28188
alpha_rarefaction_157_5.txt	157	5	12.96044	11.42686	12.99485	12.23741	10.07481	12.33031	11.75306	13.09638	11.25539	9.17705	12.01175	13.78521	13.72207	10.19855	13.91598	12.70318	10.64343	9.95215	11.84401	10.92379	12.39037	11.56739	8.61163	8.14046	9.75198	10.45302	11.54826	8.41351	11.94234	7.48141	9.64624	9.58005	9.92326	9.01113	13.12614	9.51778	10.22516	8.16488	10.70417	11.67445	10.48695	11.25494	10.26285	11.80089	14.18922	11.66821	13.95554	7.91398	12.80748	13.48451	10.61439	15.56825	12.06625	13.29433	11.65734	9.7675	14.32199	11.81179	9.36123	9.05971
alpha_rarefaction_157_6.txt	157	6	12.12958	12.31168	12.26055	11.54016	10.43352	13.01797	12.60168	13.57218	10.69207	9.24415	11.87267	12.59221	13.8539	10.01684	15.12807	11.30521	12.30301	9.67964	13.60546	13.39553	12.18806	11.39299	9.62808	8.81259	10.35972	9.85523	12.04862	8.40521	10.50183	8.91856	10.51501	10.00737	9.11062	9.15399	12.22222	11.31558	10.18582	7.98692	11.11968	11.95033	10.57207	12.59814	11.74568	10.39121	14.64283	11.38954	14.26333	8.60278	12.52835	12.39088	9.67969	14.23604	12.22215	11.31743	11.63889	10.16432	12.42646	13.35968	10.63724	9.81907
alpha_rarefaction_157_7.txt	157	7	11.20694	11.89847	13.55114	11.88388	9.38451	12.4725	12.12736	14.05253	11.53891	9.76052	12.67244	11.33741	13.20651	9.62946	14.74472	12.55738	13.73551	9.47663	11.69528	13.85024	10.8937	10.49671	9.6032	8.7918	8.81773	9.99384	12.89279	7.96554	11.97913	8.16124	11.09841	9.44597	9.44415	9.41062	14.47415	10.07322	10.36523	8.85332	11.31262	11.52742	10.84335	13.20256	10.51164	10.38515	16.86777	11.39887	14.70815	8.03778	12.55257	12.56067	10.61662	15.46305	13.55415	11.04695	11.46697	9.59522	12.23816	12.08323	10.04764	10.14794
alpha_rarefaction_157_8.txt	157	8	11.82061	12.61263	13.66162	10.6543	10.3627	12.56672	12.6408	12.70494	10.79065	10.01075	11.83873	12.42787	11.95211	9.76301	14.88946	11.77871	12.81131	9.3992	12.27871	13.51248	11.39315	11.4994	10.13789	9.08258	9.98346	9.74492	12.33152	8.48807	10.96009	7.73193	9.77578	10.11928	9.87155	8.66528	11.58404	9.9881	10.97822	8.72547	11.9874	12.09293	12.23076	12.13273	11.2992	10.85958	14.54721	11.86565	16.77978	8.0642	13.76576	13.96032	9.4812	15.00708	12.82658	11.77273	9.41583	9.71683	12.63868	11.58653	9.25373	10.01231
alpha_rarefaction_157_9.txt	157	9	11.84847	11.18995	12.8416	11.61756	9.9788	11.49883	13.27306	14.41769	11.08195	10.25507	12.78273	10.58426	13.49187	11.07974	14.8131	11.31518	11.10712	9.70346	12.79124	12.30872	12.08321	11.20823	8.98179	8.42511	10.95606	11.4702	11.49427	8.70852	10.25575	8.09228	9.91949	9.36344	10.92959	8.51506	13.07646	9.13408	12.02858	8.00905	11.58988	12.97993	10.04748	13.50565	12.85048	10.25596	14.42673	12.01794	12.61596	8.15665	13.05265	12.4181	10.52139	14.70078	11.9823	10.64223	10.11746	9.25658	11.06019	13.26017	9.50106	10.18166
alpha_rarefaction_206_0.txt	206	0	14.14227	13.25738	14.65225	12.61179	10.71049	14.67161	15.8576	15.67476	12.1678	10.52497	13.64859	13.67481	15.35061	12.59281	18.39453	13.12078	14.30501	12.20703	13.96648	15.3631	13.29199	13.22515	9.8252	10.57151	12.17193	11.38879	13.56832	9.10874	12.76609	9.22109	11.66235	12.68311	10.03357	8.97236	14.61774	12.17502	12.37612	9.7594	13.7829	13.43293	12.74925	14.64626	14.70897	11.84036	16.2703	13.89174	16.57953	9.36979	13.93239	16.89926	12.16999	16.88866	13.96894	13.46939	13.80336	10.6384	13.36491	13.2074	10.37863	10.96997
alpha_rarefaction_206_1.txt	206	1	14.63507	14.15618	15.49026	12.32265	10.50063	13.10487	14.04465	15.59261	12.43787	10.76061	14.1166	13.07717	13.854	12.36258	17.98573	13.20584	13.51841	9.82754	13.75606	13.23627	13.10618	11.56997	11.56482	8.29689	12.55686	12.40663	14.69796	9.79453	12.57186	9.12779	11.5294	10.75521	11.23296	10.59123	15.05639	11.95645	12.06952	9.55117	14.09979	12.18171	10.98778	13.46822	13.06034	12.13092	16.06206	13.25715	16.22042	8.11427	15.01706	16.56415	10.83248	16.2319	15.45868	13.06426	12.46028	10.7197	14.59241	14.50492	10.62265	11.25518
alpha_rarefaction_206_2.txt	206	2	14.37832	14.21519	15.08731	12.99256	10.46747	13.96379	13.58452	13.54914	12.42269	10.9879	14.23706	14.43538	14.8592	11.93732	17.4829	12.59544	13.87216	10.7658	13.53744	14.84399	12.84116	12.08002	10.31531	9.66471	10.68589	11.63506	13.4596	9.40172	14.20996	8.6067	11.73907	11.26001	12.00848	9.07971	13.07787	11.40987	13.3455	8.76141	13.36751	14.4365	12.12701	14.38191	13.30208	12.153	17.07032	13.48491	15.33147	9.34647	14.0934	15.53053	11.4678	15.97285	14.09349	12.79087	11.70478	11.29431	13.60163	14.90215	10.80452	11.34233
alpha_rarefaction_206_3.txt	206	3	13.81663	14.29059	14.40842	14.19505	11.07023	13.63494	14.65094	15.97212	11.44312	11.26946	13.11653	15.01406	14.15667	12.09975	16.18479	14.25135	14.2997	10.48036	13.93025	14.73437	12.9626	12.11487	10.16663	9.01476	11.46203	12.39374	12.59723	9.69489	13.22291	9.62072	11.92256	11.10899	11.05757	10.23293	13.50819	11.42307	11.68673	9.62677	12.87449	12.79023	11.95712	15.0564	11.89366	13.67019	17.57726	14.15514	14.69575	9.87109	15.93911	14.3259	13.14307	15.70862	14.88224	12.41508	13.19918	10.20268	14.15561	14.80476	10.88956	11.85255
alpha_rarefaction_206_4.txt	206	4	14.3383	14.24494	14.92601	13.81733	11.27682	15.71246	14.05265	15.91096	12.08204	12.12046	13.19883	14.37856	15.41624	11.69167	16.1994	13.04096	13.18401	11.65398	15.06185	14.06068	12.50292	11.16442	10.91641	10.05331	11.92314	11.76973	13.33461	9.57734	13.26065	9.28157	10.72388	12.18182	10.29901	9.35068	13.96604	10.92375	11.86221	10.0998	13.23301	12.76172	12.73121	13.89158	12.78955	11.93609	15.08638	14.19612	15.41109	8.25326	14.66791	14.79821	11.80624	16.73579	14.53188	12.97135	11.65936	10.91929	13.63611	13.20071	10.65373	11.10571
alpha_rarefaction_206_5.txt	206	5	12.4494	14.82507	15.08629	13.67714	13.18085	15.48835	15.20244	15.59079	12.26078	10.96639	13.66484	14.55363	15.31965	12.46747	16.43476	14.49499	13.68919	11.201	14.34032	15.70281	13.55427	12.74986	10.77451	8.50117	10.79452	12.39653	11.83507	9.16394	13.63266	9.49754	11.74095	11.12487	10.80522	9.66772	14.19548	11.53628	12.34563	9.98661	13.55718	13.24255	12.30714	14.463	13.2137	12.26491	15.18036	12.34627	15.55218	9.64931	14.1259	14.01889	11.79694	17.03213	14.2673	12.95155	12.55957	10.92716	14.31514	13.33309	11.46774	10.92329
alpha_rarefaction_206_6.txt	206	6	11.84297	13.72694	14.15559	13.49266	11.24488	15.62212	14.04125	14.89235	11.67811	11.27488	14.12429	13.57584	14.06014	11.52129	17.94832	12.15374	14.01594	11.06302	14.33153	14.04894	14.47048	12.99876	10.78134	9.52207	12.65704	10.63264	13.15943	9.05696	13.17169	9.08359	11.37162	11.62488	10.52143	9.00947	14.72888	11.62301	12.52949	10.4427	12.63227	13.80944	13.078	14.66351	12.91707	11.03273	17.86804	13.74309	16.78806	9.82587	15.16345	14.78599	11.4952	15.72035	15.27697	12.63388	13.49025	10.44163	14.00821	15.46517	11.63747	11.6321
alpha_rarefaction_206_7.txt	206	7	13.60047	14.24055	15.07632	13.39023	11.08765	13.25946	15.13594	14.42658	12.69309	12.64353	15.36341	13.65006	15.34283	13.07195	18.24562	13.20498	14.0625	10.6123	15.61264	13.43931	13.41063	11.59131	10.3649	9.47368	11.58192	12.02052	13.10294	9.19761	11.69914	9.1592	11.79008	11.9879	10.53459	9.94344	13.80616	11.4893	12.70246	9.58277	13.98539	12.78731	12.194	14.6139	13.31886	11.91964	17.71758	13.40769	15.6878	9.95933	14.19759	15.25263	11.02925	15.61092	14.86438	13.31132	13.15106	12.18593	14.30808	15.45412	10.99831	11.07869
alpha_rarefaction_206_8.txt	206	8	13.80727	13.36146	14.71359	12.50394	10.87023	14.13508	14.93352	15.52896	14.08634	11.68392	13.7267	13.9298	14.74498	11.07947	17.17678	13.66115	14.09251	10.56184	13.94351	13.31709	13.24306	12.85162	10.87845	9.57873	10.75596	11.28428	13.61132	9.22675	12.86372	9.52128	10.60667	10.31894	11.86412	9.45025	13.68161	11.96268	11.80591	10.02067	13.83848	12.92251	12.12653	15.38277	13.71023	11.21754	15.74414	13.44296	13.39084	10.01278	14.54053	14.19736	11.89032	17.81103	12.88055	13.70669	11.80141	11.5767	14.5	13.20389	11.06007	11.29212
alpha_rarefaction_206_9.txt	206	9	13.67583	14.05123	15.49484	13.04698	11.30987	14.83785	15.48946	14.72278	11.84938	10.32879	14.06478	14.5492	14.55979	12.12495	16.76226	14.68383	14.64093	10.42214	13.50714	15.20108	14.40832	11.48079	11.57826	9.43639	11.58015	12.06908	12.49817	9.14477	13.10538	9.78295	11.91607	11.32525	10.41112	9.59631	14.22477	12.01264	11.92546	9.6917	11.99993	11.71705	12.49235	13.43931	13.20872	12.09129	17.64438	12.76705	16.16662	9.61714	13.59181	15.38976	12.55278	16.25084	14.61898	13.22763	11.97588	10.65401	14.63907	14.61896	10.55601	12.00101
alpha_rarefaction_255_0.txt	255	0	14.80824	14.66485	17.38195	16.71329	11.78248	16.64841	16.64022	17.91284	13.80919	12.65509	14.93997	16.71238	15.69802	13.14812	18.08436	15.23107	15.44297	11.90733	15.45548	15.33379	14.17049	14.45023	11.76379	10.9627	13.41704	12.29019	15.5557	9.50696	15.08536	9.36536	12.22976	12.72874	11.83734	10.79587	15.35684	12.95832	14.55416	10.64033	15.19221	14.97603	14.74938	18.37125	14.39241	13.64031	18.83299	14.76296	15.88085	9.29151	15.81034	16.7955	13.69201	17.97261	16.25457	14.48575	14.9418	12.89909	16.04937	16.01911	12.39951	11.64162
alpha_rarefaction_255_1.txt	255	1	14.79199	14.73053	16.37698	13.86189	12.70279	16.21339	16.42604	17.19412	12.82993	12.45789	15.49678	15.7852	16.39218	14.14427	19.44093	14.98117	16.23933	12.36919	16.05813	16.95461	14.49751	12.36693	11.69938	10.694	12.31802	12.0743	15.01396	10.33282	14.87923	9.46259	13.19936	11.93153	12.96822	11.49593	15.1953	13.44007	13.64572	11.23144	15.60178	15.26771	14.03	16.1871	14.32488	13.35058	19.90448	14.17213	18.26948	10.29746	18.07262	16.03344	12.74018	18.18263	16.04578	14.05932	13.98117	12.52047	15.3608	15.61604	12.43799	11.79091
alpha_rarefaction_255_2.txt	255	2	14.86048	15.38592	16.53505	14.97869	12.65005	16.8833	17.17141	16.5418	13.93506	13.32289	15.35158	16.33	16.82258	13.7466	18.80507	14.76261	15.75286	12.92357	16.86442	16.0401	15.01371	12.99599	11.3178	10.19457	12.33102	12.13304	15.53959	9.26533	13.96041	9.97995	12.34739	12.91291	11.75801	11.48576	15.3962	12.85741	13.50071	11.29711	14.37289	14.0365	14.55241	17.88973	14.48329	12.87546	17.87237	15.6401	18.43086	10.31635	15.10377	17.70557	13.1523	20.56649	15.38256	13.91385	14.93543	12.44906	15.05792	17.06188	13.12548	12.26146
alpha_rarefaction_255_3.txt	255	3	15.60259	14.72684	16.90875	13.954	12.04697	16.27852	17.45073	16.80733	13.74217	12.63723	15.60018	16.53843	15.57591	13.03321	20.50004	14.76411	14.46527	12.91879	15.50038	14.66438	14.0384	13.83633	11.81552	10.55249	12.30782	12.34745	15.09507	10.00673	13.29244	8.80251	12.4826	12.77963	10.94271	10.40718	14.91628	13.59158	13.98429	10.39273	15.0368	14.38503	14.29631	18.05321	13.62123	13.44921	17.17019	15.18815	18.22642	10.45414	17.30826	16.03989	13.62657	19.08557	14.91327	14.65523	13.58641	12.48198	17.36139	15.96117	12.25617	12.53504
alpha_rarefaction_255_4.txt	255	4	15.22287	14.8943	16.17361	15.1616	11.50645	15.60817	16.34069	15.38475	12.58923	13.02862	15.6188	15.99893	16.44205	13.23092	18.75111	12.8601	14.77041	12.27273	16.36096	14.76539	15.11152	13.67564	11.30182	10.83966	13.18602	12.91359	14.53699	10.01012	15.25429	9.98685	13.08278	12.50836	10.33005	10.41725	15.95643	12.80013	14.60312	10.47359	16.45948	14.6208	16.12469	17.2854	15.81549	14.01817	18.23101	15.56573	18.32177	10.72765	15.41316	17.45803	12.29469	17.66619	15.10935	14.30349	13.72439	12.04638	14.38883	15.37115	12.30615	12.14701
alpha_rarefaction_255_5.txt	255	5	15.92457	14.69139	15.65573	13.97686	12.55752	15.33439	16.11445	16.85835	13.28631	12.27561	15.44692	14.9177	14.87123	13.68125	20.89807	15.70421	15.47979	12.02516	15.49398	16.46915	14.10156	13.98492	12.0004	11.03938	12.94025	12.78293	13.9171	10.56478	14.02129	9.69383	13.28229	14.11976	10.63153	10.17145	14.58455	13.42333	13.92571	10.43191	15.15092	15.1176	13.84507	17.34778	14.47164	13.07702	16.75274	13.70693	16.25474	10.15117	16.97997	17.05968	14.26926	18.27672	15.9012	14.94293	12.04759	12.2007	15.57039	16.03541	12.37188	12.59688
alpha_rarefaction_255_6.txt	255	6	13.7486	14.57592	17.40744	15.23274	13.00013	14.58913	16.98495	17.03254	14.1712	11.61513	14.37551	16.48107	16.48613	12.65246	18.7989	14.40116	14.95699	12.30478	15.8394	17.12728	14.72342	12.99008	11.50737	10.53943	12.63938	11.61962	14.59978	10.02415	13.90845	10.42944	12.28379	12.60459	11.07558	10.63866	16.34954	12.28481	13.04673	10.74699	13.55974	14.08132	13.76469	16.76738	13.53396	13.1893	16.99289	15.53729	16.53286	10.74073	17.01905	15.39624	12.59827	19.01392	14.84128	14.96131	14.64723	11.69243	16.05743	15.86055	12.85367	12.26536
alpha_rarefaction_255_7.txt	255	7	15.57315	15.8427	16.32502	13.52558	13.42763	16.55942	16.7248	16.81203	14.61675	13.16437	14.98938	16.30537	15.32185	13.59505	19.42938	16.25155	15.80975	13.9342	15.73242	16.50077	16.17675	13.77763	11.0659	9.77878	12.21929	13.98207	16.08515	9.63915	15.47054	9.59491	12.13267	12.81209	10.81338	10.25726	15.79877	12.75435	13.49135	10.68549	14.77685	14.65762	12.35074	17.22689	14.53385	12.2679	17.9425	13.38748	18.67655	10.91155	17.50414	15.01279	13.79001	17.44117	16.69911	13.71787	13.28268	11.83268	17.03308	16.7203	12.2841	12.21196
alpha_rarefaction_255_8.txt	255	8	16.32888	15.19282	16.95329	15.4098	13.83784	15.85475	16.23562	16.31843	13.35841	12.96274	14.76203	15.49073	17.61608	13.33279	18.08292	15.16323	15.26977	12.45863	16.35601	17.49168	15.21982	13.94248	12.18231	9.96781	12.69882	12.7233	14.23837	10.68184	13.72095	10.81286	12.53728	12.73901	11.16352	10.45669	15.80774	13.40636	12.86622	10.32884	16.57933	16.4951	14.93553	16.84663	14.06048	13.94155	18.05619	14.65687	17.9213	10.20672	16.72915	18.03142	12.89044	18.56325	15.55054	12.42939	13.54683	12.41256	15.31144	15.67723	10.71414	12.31731
alpha_rarefaction_255_9.txt	255	9	15.45459	15.99642	14.57267	15.26056	13.77487	17.13016	15.97163	16.66737	14.95258	12.82387	15.4133	15.38471	16.33244	12.59616	18.4067	14.66349	15.75717	12.19844	15.68961	18.07917	15.99101	12.84327	11.75485	10.80406	11.96062	11.62979	15.39524	10.12612	16.29267	9.54293	12.77054	11.48916	11.18846	10.88915	15.38918	13.34097	13.30874	9.96036	15.42846	16.47611	13.66898	17.66107	15.81275	13.64817	19.68288	14.53197	16.49177	11.10298	18.35929	16.86025	13.14947	19.04721	15.30432	14.85435	13.82406	12.43511	15.66991	16.21085	12.29635	12.14355
alpha_rarefaction_304_0.txt	304	0	15.50135	16.90861	17.78119	15.66273	13.60043	17.13227	16.81218	18.09058	15.71902	12.54948	16.10344	16.79244	17.68821	15.03104	20.68659	16.05363	16.07175	13.44337	16.26734	17.52192	16.28424	15.19613	13.65541	10.95381	13.47662	12.89785	15.58469	10.63263	15.7278	10.71447	12.74283	12.82388	12.31672	12.00106	18.34013	14.1492	13.40647	11.50638	16.28097	17.65747	15.14351	16.38333	15.94713	12.92682	19.18778	16.65994	18.69769	11.86291	17.3584	18.05585	14.65806	19.62416	17.49741	15.52089	16.53325	13.18457	16.99383	17.30807	13.50612	13.20223
alpha_rarefaction_304_1.txt	304	1	17.08358	15.45795	18.28678	15.89583	14.51488	17.9975	18.29196	17.46908	14.02314	12.65896	15.84528	17.97042	18.36054	14.44029	20.72295	15.69968	15.52973	14.52852	18.51608	17.95114	16.30331	14.12781	12.89412	11.29061	12.62193	14.44521	16.57459	11.69324	15.66986	10.95002	11.93672	12.67159	12.21028	11.45438	16.88661	13.25412	15.14586	11.01083	15.83646	15.09525	15.48133	17.44425	15.20889	13.72077	20.82285	14.85737	19.9966	11.43716	19.11586	19.79715	14.19554	19.46364	15.48138	14.8079	14.78541	13.51143	17.75955	18.29815	14.36954	13.04777
alpha_rarefaction_304_2.txt	304	2	14.16059	16.66735	17.09525	16.04277	14.86552	16.02772	18.27378	16.80909	15.03513	14.53539	17.106	16.13764	18.77104	14.84355	21.58577	16.99234	17.30648	13.35454	18.35462	18.89169	15.62484	13.691	11.67494	10.14989	13.49398	14.57939	14.67706	11.77075	15.37939	10.96793	14.25007	13.34245	12.73259	12.47232	17.45364	14.53487	13.79855	10.37936	16.87095	15.26892	15.28613	20.18726	16.06546	16.05215	19.3227	16.64867	19.08877	12.60827	17.53976	18.5802	13.95076	18.87166	16.39564	16.6732	15.86854	13.2646	17.77938	15.37863	12.55112	13.50472
alpha_rarefaction_304_3.txt	304	3	17.64316	16.23557	17.61308	16.67593	12.94752	17.8124	17.60983	17.29142	15.02771	13.54866	15.73473	18.29702	17.45876	13.32133	21.47987	15.30698	16.23014	13.81199	16.69066	17.33913	16.59395	14.51759	10.90586	10.84451	13.02365	15.44491	15.85432	9.94477	16.68056	10.40001	13.90031	12.85815	11.91019	10.57022	17.47502	13.21794	14.12548	11.86937	15.64268	16.27737	15.10349	18.83294	15.39927	14.15383	19.88543	16.22802	20.52426	10.86514	18.87571	18.87563	13.92562	19.88052	17.1871	16.01943	15.85672	13.35232	17.74035	16.08492	13.22041	12.09111
alpha_rarefaction_304_4.txt	304	4	16.54788	16.16957	17.53908	16.16997	14.15106	16.81975	18.57547	18.89554	14.13184	14.21536	16.12944	16.99856	17.26093	15.67179	20.39275	16.0655	16.31654	13.60225	16.88976	15.68223	14.74948	13.79871	12.80159	10.13367	14.91505	13.06854	17.17633	10.54253	15.78467	10.65337	12.98035	13.2076	11.75144	11.5707	17.3524	13.73837	15.28816	11.71762	15.99391	16.00435	14.89946	18.14624	15.69982	13.98124	19.45848	15.67928	18.90601	12.19097	18.30305	18.79303	14.53962	20.76077	17.52884	15.07386	14.99494	13.63783	17.27776	17.98894	14.13242	13.08701
alpha_rarefaction_304_5.txt	304	5	16.66408	16.32664	18.17145	15.93073	14.02025	17.05742	17.85237	17.41911	15.55547	14.34972	15.03462	18.65344	16.80754	14.79587	20.6855	17.08091	16.41144	12.64297	16.92189	18.43497	15.7614	13.88438	12.38094	10.95067	13.07773	12.92786	16.66244	10.51292	15.57454	10.04687	13.9192	12.36785	11.94835	10.36687	17.68079	13.29016	14.75028	11.69289	15.35599	16.64971	14.9608	18.77226	14.37084	14.94405	19.61732	15.42506	19.48262	11.73561	19.15746	18.92659	13.66066	19.64693	17.75566	15.55784	15.19759	13.12567	17.95365	18.86069	12.90876	12.63575
alpha_rarefaction_304_6.txt	304	6	15.49156	16.06665	17.34925	15.74662	13.37585	17.58626	18.22494	16.91045	15.20819	13.53122	16.36937	16.42048	18.22143	14.67351	19.69038	15.29388	15.78677	14.18078	18.30783	17.41564	15.58568	14.22888	12.44516	12.01006	15.72665	13.71011	16.2133	10.83825	15.62463	10.79703	13.86114	14.34428	11.17025	11.01829	16.03803	13.61551	15.69627	10.42938	17.09314	17.12361	14.79875	18.284	15.87264	14.17214	20.36717	15.67715	18.54934	12.51482	18.0187	18.75371	14.17494	18.79888	16.88087	16.2525	14.17295	12.72926	17.39588	16.8877	13.22086	12.68346
alpha_rarefaction_304_7.txt	304	7	16.14482	16.57859	17.48386	14.75885	13.54972	17.15932	18.02375	18.1387	14.85589	13.89839	15.47606	18.41002	18.16378	15.20742	20.1299	16.41619	16.06673	13.06801	17.0661	16.16336	15.99295	14.6252	12.31357	10.50003	13.18689	14.70206	17.01699	11.1197	16.45444	9.78086	12.57225	13.75308	12.57567	12.96297	17.17388	13.75391	15.40401	11.94402	17.01415	16.27701	14.52061	18.65264	16.27203	13.84894	19.37492	14.18562	20.02798	11.86348	18.4766	18.15836	14.87261	20.16859	17.86109	15.85109	15.31935	14.52219	17.30058	17.02092	12.64151	12.07538
alpha_rarefaction_304_8.txt	304	8	15.5962	16.30073	18.88809	16.21292	12.78448	17.93165	17.67131	18.67961	15.77899	13.71484	15.33282	17.8767	18.00284	15.00584	20.69211	14.9391	15.78131	12.70178	18.0462	16.96582	15.92105	14.01015	12.85782	11.02161	14.09721	13.37359	15.98589	11.56799	15.81849	10.74516	14.72221	14.57633	11.58787	10.8246	17.17072	13.37341	14.00326	10.65826	17.01202	16.45085	14.47295	17.59338	14.84178	14.76654	19.48476	15.49033	18.61297	12.21785	18.40142	19.44033	13.71305	19.44084	15.93715	16.3183	14.23258	13.68033	16.76137	17.20665	13.41629	13.29212
alpha_rarefaction_304_9.txt	304	9	17.34565	16.89301	17.19667	15.83517	12.84966	17.71122	17.81337	17.05192	15.38707	14.05214	16.25347	17.43737	17.21617	14.36018	20.88039	16.48077	15.13995	13.70361	16.89699	15.69241	16.06799	13.97263	12.12152	11.87287	13.59108	14.17924	15.02656	10.55771	16.24497	11.6009	13.07834	12.62928	11.67892	10.8328	18.64971	14.39044	13.77842	12.09812	17.16763	15.63243	16.01553	17.52301	15.04853	14.73397	21.62093	15.99308	18.8687	11.67727	18.93553	19.37081	14.57573	20.26536	16.57066	16.25238	17.07773	13.91755	17.69294	17.15697	12.43484	13.5655
alpha_rarefaction_353_0.txt	353	0	16.69899	17.45407	19.26975	16.77663	13.63669	20.12136	19.892	18.71649	16.01027	15.14793	16.30171	17.98107	19.34526	14.14944	22.26269	17.43781	20.18873	14.46863	19.2253	18.24038	16.6084	16.23508	12.96237	12.50289	15.61376	16.23796	17.09339	11.71639	17.73844	11.49107	14.437	13.36753	14.11157	12.23607	18.26032	14.628	14.69998	12.1486	16.6142	17.16543	15.41021	19.99141	16.85418	15.17292	20.94114	17.05082	20.7646	11.73814	18.74544	17.93206	15.56786	21.71193	18.80291	17.28924	16.32765	14.93702	19.63625	18.76009	14.9657	14.09888
alpha_rarefaction_353_1.txt	353	1	17.98739	18.00334	19.70366	16.6396	14.35739	19.52362	18.87691	20.35074	16.04117	15.27369	18.18608	18.06252	19.84129	15.36063	22.91644	18.23027	17.66892	14.42279	19.05722	19.13857	16.4547	14.97851	13.02108	12.15169	14.36722	15.18307	17.08308	10.86478	17.49298	10.86131	15.56955	13.94059	12.9406	12.77211	19.03567	14.89663	15.5532	12.21405	16.50387	17.32039	16.09661	19.95198	16.65764	15.02668	20.82811	17.62799	20.58162	12.50918	19.78203	19.69416	16.05502	20.44374	18.84655	16.34633	18.61097	14.3069	18.76234	17.58783	14.59682	13.56336
alpha_rarefaction_353_2.txt	353	2	16.80095	18.26699	17.64771	18.57841	13.5274	18.86162	18.63445	18.18077	15.81104	15.36112	16.63688	17.32268	17.40088	16.17124	23.35959	18.79031	17.5471	15.28596	18.03935	19.93888	17.94412	16.64016	14.35453	11.59323	14.43177	15.07468	16.59048	11.01406	16.17447	11.52946	13.31882	15.00591	12.36044	12.07132	18.73206	15.20156	15.21344	11.25171	16.88823	17.0607	15.94958	20.25962	15.51368	15.5841	21.8236	17.48324	19.32597	12.45887	19.36272	20.88873	15.21057	20.02577	18.81839	17.52302	15.72893	13.43698	19.16629	18.04944	14.20683	13.42666
alpha_rarefaction_353_3.txt	353	3	17.62014	18.24733	18.16078	17.52435	14.84768	16.57624	18.36443	19.46525	15.86457	14.55266	16.30828	19.08365	19.25375	14.78721	23.27576	16.22894	17.74865	14.39342	17.54192	19.14664	18.10632	15.77138	12.30617	12.15086	15.1392	15.46056	17.17893	12.40557	16.33589	11.39723	14.90355	13.56436	12.55043	12.13475	17.86354	15.76961	15.18075	12.20541	18.42192	17.09693	15.82777	20.91852	16.10007	15.38622	20.24504	15.9696	21.8013	11.85768	19.58693	18.5748	14.54859	20.54878	19.05285	16.9865	16.32658	14.99047	18.6126	17.6094	14.1185	13.82296
alpha_rarefaction_353_4.txt	353	4	18.39129	16.80835	19.02355	17.35269	15.63024	17.80832	18.74137	17.96666	16.0943	14.12199	18.37029	18.15322	19.57855	15.7974	22.08614	17.66247	18.17078	14.81306	17.34714	19.87487	16.91164	14.83626	11.41714	13.03504	14.68993	14.97457	18.34266	11.30517	16.55337	12.23761	13.35474	12.62501	13.16072	12.4172	17.9942	15.00853	15.86402	12.19383	17.39073	16.09623	16.06252	19.31846	16.85349	15.19069	22.46231	17.111	20.20061	13.41585	18.96541	18.94917	15.33987	20.08648	17.17895	16.35586	15.76607	14.00776	18.32505	17.69972	13.99761	13.72135
alpha_rarefaction_353_5.txt	353	5	17.24173	18.34866	18.75476	17.38969	14.92747	19.33453	18.94591	19.1626	17.22604	15.30476	16.60267	19.35912	19.12906	17.13408	22.05574	16.34691	16.5284	14.11863	18.79096	19.37388	19.24599	14.75097	13.83569	11.33899	15.92303	15.60805	17.96121	12.20074	17.8907	11.41965	14.06527	14.5369	12.24849	11.51528	18.30758	14.72222	16.06896	11.71043	18.69122	16.68535	16.78054	20.05165	17.05222	15.78025	22.95058	17.92674	20.19601	12.7785	18.73072	20.24738	14.68038	21.39805	19.0034	16.54083	16.81483	15.40576	18.73353	20.12095	13.91727	13.59725
alpha_rarefaction_353_6.txt	353	6	16.71897	17.57786	17.95599	16.92034	15.33941	18.55702	17.93263	18.38143	15.90895	14.11302	17.95696	18.43236	20.09382	17.09995	22.20864	16.29097	17.7923	14.54444	17.9437	18.69473	16.10412	14.2736	13.0133	11.8296	15.04342	15.19084	16.89293	10.63423	16.87134	11.35759	14.56149	13.0455	13.39139	11.96037	17.5177	13.71717	14.54644	12.48772	18.58285	15.95555	16.4982	19.01644	17.58376	15.50724	21.35495	18.24958	20.06901	12.81762	19.71492	21.02118	15.12888	21.17499	19.11496	17.05081	16.29257	13.91124	20.16081	18.57363	14.02753	13.82333
alpha_rarefaction_353_7.txt	353	7	16.37595	16.76484	19.15843	18.18088	15.59649	18.4662	18.37839	17.80311	16.65633	14.15216	18.01213	18.07661	20.54861	15.69141	23.06194	16.66267	18.07286	13.62819	18.44026	19.55599	16.14847	16.28434	14.16866	12.7434	14.53464	14.80772	15.28007	12.17253	16.57711	11.17226	14.30413	13.26544	13.78376	12.06763	18.42909	14.64535	13.74019	10.76022	19.10798	17.65023	16.21528	21.21465	17.23497	15.994	22.03542	17.4329	20.10933	13.2412	18.97343	21.20012	13.36289	20.9432	18.22544	14.98904	16.17266	13.92698	18.20641	17.12172	14.11039	14.44083
alpha_rarefaction_353_8.txt	353	8	18.30834	17.59352	18.403	17.21435	15.40008	19.14463	18.01147	19.19257	15.74829	14.1995	17.02209	17.37855	18.3719	15.56038	21.85785	15.25584	17.1161	14.13438	17.9703	19.4254	17.26502	15.36418	13.53081	11.41075	15.67233	14.5946	17.21754	10.60749	16.06856	11.17904	14.45035	13.48847	14.55545	11.17076	19.46928	13.97579	15.77672	12.18055	17.77863	17.74925	15.79021	19.84286	15.56964	15.11645	22.18831	16.85101	20.28343	13.19242	19.50429	20.54641	15.37423	18.64817	18.39804	17.26865	16.75574	13.70656	19.09357	19.48259	13.71357	13.88307
alpha_rarefaction_353_9.txt	353	9	17.17393	17.77497	20.01614	17.21974	13.47849	18.95021	19.5626	18.71978	16.41333	14.77646	16.5995	18.398	19.80098	16.05401	22.26496	16.74787	16.27484	14.26769	17.55829	19.28892	16.68893	14.69054	13.29223	12.31743	14.63985	13.6347	16.36792	11.65119	17.17071	10.15287	12.94709	14.64094	12.507	11.59249	17.64352	14.3799	15.27897	12.00797	18.16541	16.62733	17.87778	19.18029	17.02748	15.444	23.3371	17.25354	22.53731	12.38702	17.93952	20.17758	16.27324	20.84116	18.39822	18.19295	16.46249	14.89462	18.08072	19.21109	14.97967	13.12778
alpha_rarefaction_402_0.txt	402	0	18.95889	19.51936	19.71687	17.90999	14.82051	18.38388	20.25176	19.55753	16.94888	16.02335	18.84371	19.93997	20.51498	15.74203	22.81586	17.15627	18.02165	16.20464	20.0691	20.34271	18.65773	16.35851	15.0264	12.71599	16.38564	15.32239	17.66251	11.67892	17.6722	12.20147	15.26436	15.01555	13.41332	12.35266	20.84558	15.27642	17.11525	12.57991	18.60878	17.65493	16.65021	19.68201	17.90098	15.6457	22.65685	17.79088	21.90215	12.25987	20.11916	21.98417	16.24772	21.29848	20.17557	17.81638	16.85638	15.55111	20.68363	20.50678	15.27244	14.16968
alpha_rarefaction_402_1.txt	402	1	16.96177	18.8893	20.8565	18.26741	14.708	20.63223	20.56203	19.9392	16.49356	16.25655	19.33773	18.80078	18.23569	16.69792	23.45275	18.41665	18.67451	16.81981	18.75306	20.00916	17.84865	16.09402	14.2703	11.64114	16.58899	15.83677	16.94271	12.82581	17.50256	10.58876	14.96857	14.55646	13.14827	11.96003	19.83924	15.34505	16.69111	12.24894	19.43379	17.65276	15.97829	20.84182	17.50063	17.09096	21.24127	16.55798	21.90785	12.79357	21.84099	20.51207	16.31925	22.57627	18.72727	17.35332	18.23288	15.6589	19.40059	20.22889	15.13995	13.48695
alpha_rarefaction_402_2.txt	402	2	19.86525	19.36262	21.08108	19.09553	16.98264	20.91952	20.13939	20.61281	16.49823	15.65711	17.62912	19.68516	20.29781	17.17496	23.45501	17.22526	19.7374	15.16612	21.21728	21.06847	18.45622	15.74573	13.78435	12.64277	15.13817	15.95824	19.03709	11.46099	17.92934	11.60204	14.29283	14.24175	13.28899	13.31988	19.22294	15.30603	16.29468	13.48949	18.71158	17.35536	18.83204	21.0296	18.96187	16.93593	21.9459	17.49949	21.34373	12.39795	20.57225	21.58142	17.34436	22.50707	19.8831	16.45691	17.70907	15.63646	18.89264	20.57981	13.19763	13.96629
alpha_rarefaction_402_3.txt	402	3	18.89218	18.01215	20.03027	19.34648	16.23012	20.8648	20.99916	20.41905	16.42485	15.71034	18.27463	19.31983	20.60432	17.45392	24.03073	17.41406	19.59289	13.76022	20.70593	20.26615	18.36133	16.63022	14.43173	14.10987	17.10621	16.27343	18.04595	13.17417	18.5179	11.66142	15.24657	15.0154	14.7331	12.44464	20.22825	14.56213	16.16475	13.27998	17.94259	19.3057	17.67419	19.05974	18.37304	16.15114	23.68143	17.41719	23.08908	13.48414	20.83969	21.86029	16.40595	21.96117	19.32115	17.03351	17.67258	14.77908	19.44556	19.49667	14.35506	14.96536
alpha_rarefaction_402_4.txt	402	4	18.41111	18.48615	21.05605	18.60088	15.16197	19.12222	20.6517	18.73303	17.2349	15.55547	18.67386	20.19167	20.61127	16.91303	23.68061	16.77354	20.30009	15.69351	19.48701	19.46199	19.23058	16.69355	14.32428	13.40988	15.4678	15.26203	17.2176	11.70588	18.64536	11.98922	15.806	13.14419	13.71325	13.17681	19.92828	14.78915	15.62804	12.72295	20.83127	17.81479	17.86806	19.85424	17.31034	16.50085	22.75832	19.33202	22.91173	12.19355	20.24944	21.21235	16.53541	22.17052	19.31511	18.03125	18.14602	15.42502	20.06124	19.42402	14.68797	14.79473
alpha_rarefaction_402_5.txt	402	5	18.77505	18.6863	19.74617	19.47222	16.29191	19.82321	19.61926	20.15689	16.8452	15.46339	18.92816	19.95071	20.64073	16.74366	23.16008	18.71932	17.71867	14.69207	18.75283	21.12847	18.34741	15.804	14.09884	12.36679	15.99471	16.28614	17.7787	11.38928	17.15552	11.46261	15.17021	14.41233	12.98509	12.2727	19.56393	15.25808	16.61043	12.47194	19.30932	18.80186	17.63951	20.55382	17.18865	16.15869	22.45493	18.21273	22.33361	12.94489	20.46317	21.41998	15.66385	21.1988	19.05702	17.76413	17.2439	14.979	20.74148	18.94016	15.05214	14.43322
alpha_rarefaction_402_6.txt	402	6	17.90203	18.99479	19.19299	17.69383	16.71252	18.93789	20.90838	19.24775	16.95419	15.77181	17.78484	19.10112	20.42352	17.48307	23.3296	18.06034	18.93226	15.6292	20.13998	19.0531	17.84996	16.94848	14.58707	12.91771	16.67969	16.85175	17.71827	11.49289	17.30268	11.34292	15.70927	14.04332	14.14925	14.12353	18.37641	14.45202	15.99731	12.3914	18.47525	18.25767	18.4187	22.19051	18.10676	14.9987	23.30666	19.11911	22.76592	12.85598	21.67993	22.56254	16.44976	21.56465	20.66884	18.04893	15.69874	14.17888	19.30295	19.98876	14.34636	14.44697
alpha_rarefaction_402_7.txt	402	7	18.13711	19.17499	21.3568	18.6067	15.58712	20.40751	20.69716	19.96104	16.30202	15.1313	19.43666	20.46621	18.90552	17.20048	23.9779	18.84293	17.87709	15.44637	19.34822	19.74138	18.92527	15.9723	14.6464	11.55552	15.76563	17.43642	18.06422	12.78293	17.38342	12.08146	15.44152	15.46401	12.92394	12.4155	19.62986	15.76673	17.23566	12.64338	19.71765	17.73431	17.57934	20.98975	17.39544	15.89071	20.73944	19.07406	23.07299	13.50371	20.10012	20.61245	16.71199	21.64561	18.28854	17.05921	16.22609	14.91985	18.17445	19.59693	16.11846	15.05417
alpha_rarefaction_402_8.txt	402	8	18.21603	18.26015	20.32723	19.78483	14.46054	18.87226	19.09778	19.629	16.54205	15.69588	17.86916	20.03796	19.6162	16.86022	23.95635	17.6223	18.30936	14.85163	19.78944	19.28957	18.26737	17.15463	13.68095	12.1917	17.73812	15.25834	17.57105	12.27714	18.07426	11.72773	15.34885	14.40602	14.06609	12.48238	19.5421	15.65148	16.41533	12.11495	16.93901	19.27876	17.0872	20.85324	16.91941	15.32107	22.20965	18.46221	22.8394	13.66487	21.26774	21.48846	16.72257	21.18545	19.73921	17.39587	16.83349	15.59167	19.09605	19.23437	14.94156	15.00245
alpha_rarefaction_402_9.txt	402	9	18.51173	19.1487	19.90427	18.14833	16.28819	18.29515	19.20986	19.89169	15.98617	15.51121	20.32191	20.21442	20.33785	15.84251	23.51704	19.3549	19.15118	15.67361	20.23978	20.38646	18.47698	14.61298	14.53145	12.42147	16.21985	15.49103	17.366	11.68852	18.35374	11.69009	15.26018	15.91982	14.25321	12.93819	19.37898	15.58062	17.61071	12.35809	19.9839	17.21537	17.83124	20.39508	16.92584	14.67207	22.76536	19.11951	21.85909	13.278	21.15497	21.3542	16.26495	22.70489	20.05722	18.12006	16.89995	16.13487	19.26279	19.70132	14.98016	14.66146
alpha_rarefaction_451_0.txt	451	0	18.98434	19.45141	21.52511	19.92545	17.52952	20.5033	21.50717	21.63018	17.40686	15.88729	19.83921	20.20024	21.99856	17.56092	23.95139	19.00096	19.24244	16.00983	20.64158	21.07365	18.55841	17.17683	14.36561	13.61385	16.00588	18.26841	19.41646	12.53966	19.27539	12.59446	15.15611	15.01107	15.33488	13.2403	21.03501	15.57577	16.91172	13.47173	19.315	18.93282	19.21108	22.50306	19.03565	17.02853	26.03906	20.21023	24.27695	13.9037	21.89293	21.90249	17.49704	22.65571	20.41666	18.78311	18.47921	17.69561	20.05078	18.92037	14.32311	15.47967
alpha_rarefaction_451_1.txt	451	1	21.1512	19.13624	21.32457	19.54673	16.95392	21.72873	21.43915	21.74833	17.28022	16.26393	20.23211	20.65279	22.59431	18.4907	24.4992	18.37456	20.83103	15.83766	20.39868	20.95455	19.16003	17.39724	14.79371	12.9409	17.89511	17.30214	19.01504	12.53922	17.83376	12.54536	15.96585	15.12229	13.77284	13.11111	21.28911	16.00869	16.41098	13.32884	19.30851	18.84922	17.15827	22.02445	17.93113	17.74873	22.55973	18.99184	23.06894	13.33282	21.29664	24.09971	18.38778	22.80802	20.82909	19.83234	19.81326	14.90278	20.9856	20.53865	15.00322	13.49889
alpha_rarefaction_451_2.txt	451	2	19.91434	19.2575	21.7656	19.75149	16.43915	20.18754	21.86126	20.33742	17.41639	16.40117	19.71996	21.07029	19.73887	19.21867	24.49841	19.12516	18.15636	16.59207	20.6621	19.90751	18.93591	17.88001	15.29023	13.23035	14.73602	16.62265	17.75025	13.82432	19.7131	11.37561	15.52492	14.40913	15.28045	13.55184	20.57928	16.4925	15.9889	14.04306	20.04804	18.83891	18.159	23.7482	18.29858	17.17516	25.03184	18.41831	23.16957	13.32958	20.6737	22.30045	17.82326	24.29259	21.01653	18.64082	18.93637	15.54457	21.57788	20.3813	16.05402	14.8115
alpha_rarefaction_451_3.txt	451	3	19.69939	19.28529	21.28174	19.42001	16.51076	21.38751	21.57519	21.28027	17.68487	16.51565	19.47349	21.63329	20.63048	17.72793	24.53932	18.03754	19.48533	16.73298	20.57419	21.42189	19.00329	17.49602	14.46048	12.29573	16.69355	16.40812	18.83743	12.87107	18.72926	13.04481	15.77741	15.42168	13.82933	13.9271	20.85137	14.92438	17.50091	13.09052	21.75939	18.48084	16.37813	23.56563	18.33967	16.26714	25.84207	20.47227	22.50097	13.70939	22.12356	21.9384	17.36731	23.009	20.59752	17.72505	17.0045	16.5235	22.12754	20.10872	15.9404	15.28043
alpha_rarefaction_451_4.txt	451	4	19.47364	20.14331	20.4177	19.25038	16.99371	21.68901	20.9897	21.19551	18.53965	15.70905	19.29551	20.53641	20.36801	18.17814	25.00634	18.34062	19.90765	15.64175	20.31353	20.34856	19.44293	16.86085	15.17822	14.15438	18.1538	16.45476	19.46089	12.63481	18.22718	11.89226	16.05727	15.15984	13.92479	14.1742	20.63842	16.57892	17.10886	12.92002	19.39062	19.17298	18.37366	21.64567	17.72289	17.36493	24.54475	19.89774	23.9823	14.34214	21.61622	21.97308	17.58684	23.99313	20.16176	19.68061	17.82908	17.54413	20.92006	22.64189	15.43399	15.29423
alpha_rarefaction_451_5.txt	451	5	18.82335	19.88738	22.60238	19.38816	16.48212	20.37851	19.8089	22.55321	17.13503	16.66504	18.8155	21.51991	21.76385	18.06249	24.71013	20.73337	18.94933	16.26934	20.59714	20.95818	19.63274	17.27569	15.08108	13.62813	16.66647	16.37596	19.83152	12.76376	18.89779	12.21719	15.98838	15.43252	14.98292	12.67336	20.17364	15.6759	17.15842	13.86766	20.81631	19.03576	17.91066	22.88793	18.84473	17.14839	24.31153	19.44283	23.24906	13.43748	22.49603	22.05591	16.98361	23.01012	19.5413	16.26241	18.40125	17.13851	19.99488	21.94712	15.15358	14.01549
alpha_rarefaction_451_6.txt	451	6	20.43757	19.39021	21.70494	19.096	16.7371	19.87226	21.41812	20.26589	17.48208	16.29899	19.82964	20.24463	21.06825	17.5149	25.12486	18.77713	19.44609	17.26045	20.38208	20.66893	18.04062	17.31233	14.67413	14.0341	16.35305	16.3927	18.92456	12.43273	17.51967	12.36899	14.78094	14.25506	14.38761	14.00317	20.95176	16.73698	16.66641	12.43899	20.79352	19.96458	18.35627	21.12165	18.04743	17.08102	23.20408	20.7065	23.38031	14.72275	22.03934	21.61613	17.13413	23.32968	19.96043	18.82083	19.14447	16.76527	20.93406	22.43009	15.71999	15.18843
alpha_rarefaction_451_7.txt	451	7	18.61196	19.03461	21.55091	18.85347	16.03973	21.52281	20.8193	20.40614	18.07121	16.04962	18.34206	19.6834	20.40922	18.64926	24.96762	19.74846	18.46975	15.45322	20.89238	21.3679	20.42951	16.88419	14.62733	13.2144	17.00196	16.79628	19.92712	11.273	18.98916	12.07558	15.88489	14.99961	12.79564	13.05788	22.36	15.42569	17.12425	12.84812	20.53485	19.16709	18.31041	20.62604	18.39673	17.32673	25.59392	19.73486	23.48877	14.04594	21.67094	21.76175	17.26737	23.42904	20.60765	18.54351	17.81375	15.8852	20.24875	19.93416	15.16485	15.40063
alpha_rarefaction_451_8.txt	451	8	19.51956	19.22812	21.76522	19.91928	16.78936	20.37171	21.0916	20.17821	18.36549	16.65957	20.17499	20.15729	20.9238	18.16605	23.9803	18.7505	19.5612	14.88958	19.49386	21.75857	18.18484	17.22762	15.60194	13.57321	15.9662	16.26045	18.30295	12.76196	19.56306	12.3852	15.51404	15.16007	14.83258	13.99498	20.16246	15.19154	18.39085	13.02231	18.87207	18.84819	16.91293	23.57208	18.91788	16.03873	23.12211	18.79095	23.88553	13.65784	21.84816	21.60609	17.4825	22.76723	21.22049	19.3374	16.23214	16.31834	20.96664	22.35202	15.81343	14.60382
alpha_rarefaction_451_9.txt	451	9	19.47176	19.87368	21.21499	19.47007	16.12823	19.69344	21.10053	20.90363	18.12263	15.78216	18.94352	19.39695	22.06858	17.83811	25.16422	17.93001	19.1958	15.26741	20.46271	20.73187	18.20913	16.85565	14.83442	12.8912	17.5472	16.9772	18.5357	13.14199	18.97385	13.2623	16.2212	14.88435	14.16738	14.20973	20.23888	16.23924	17.13407	12.8265	20.86957	17.88785	18.28345	20.86328	17.66544	16.76988	24.71649	17.82258	24.42265	13.27259	21.19575	22.03714	16.88212	23.39637	19.49234	18.71366	18.41551	16.30374	20.88072	20.92489	15.86526	15.07294
alpha_rarefaction_500_0.txt	500	0	21.14668	19.92273	22.98005	19.36644	17.81337	21.40821	21.99316	21.44895	18.90022	17.39201	21.84896	21.89494	21.77143	19.344	25.65054	19.9321	19.14869	15.8781	22.16173	21.3426	18.96944	17.473	15.25591	14.48671	17.04326	16.621	18.97243	14.59111	20.33183	13.17523	16.80055	15.94124	15.12848	14.01875	21.58433	15.98064	17.62468	14.28596	20.73565	20.59702	18.14168	24.06757	19.72768	18.54764	24.632	20.09865	25.59473	14.6457	21.85286	24.00909	18.74346	24.27798	22.28708	20.8871	17.96822	17.25116	22.08789	23.40386	16.86281	14.98397
alpha_rarefaction_500_1.txt	500	1	20.06701	20.33287	20.70043	20.20313	16.9366	21.32917	21.73005	22.14308	18.55508	17.33079	20.24967	21.40072	22.5398	18.11101	26.00406	19.4319	20.95162	17.80231	23.21688	21.58798	21.29913	18.64171	15.28755	13.40492	17.75652	17.56645	19.19317	12.96707	19.66916	12.85532	15.08253	16.24084	14.1515	14.30978	21.18545	16.7315	18.33955	13.65471	20.24621	20.40743	17.86375	23.6818	18.81064	18.00965	24.72765	20.14954	23.66059	13.90703	25.11385	24.3117	16.90684	22.43572	22.16444	21.33895	18.81455	17.76733	23.30901	21.17399	17.28393	15.9512
alpha_rarefaction_500_2.txt	500	2	20.8406	20.74564	23.33128	20.70497	17.94471	21.33588	22.42425	22.96155	18.8505	16.90583	19.31526	21.01451	21.52506	19.06628	25.89146	21.24119	19.82742	16.58679	21.75812	21.56342	19.39664	18.48061	15.79475	14.18287	18.58349	16.86538	19.84403	13.29442	20.50133	13.12553	16.46829	15.82472	15.31634	14.90192	22.37835	17.08934	18.75636	14.14234	18.89898	19.45005	20.1844	22.70643	20.69005	18.46678	25.68314	20.35089	25.13706	14.90097	21.5137	24.8554	18.25433	24.57219	20.64384	19.08067	17.84516	16.39109	22.38066	21.81	16.69257	16.24903
alpha_rarefaction_500_3.txt	500	3	19.58634	20.11481	23.15538	20.56057	16.58948	21.12318	23.23173	22.32027	19.31635	16.75657	21.49761	21.93812	20.26369	18.49139	25.63746	19.81573	20.15468	17.32811	21.71667	21.34833	17.9136	18.00932	15.04549	13.98824	16.43583	18.10399	19.34357	12.99969	19.50643	12.91159	16.86107	15.46861	14.98553	14.06445	21.84066	17.11013	17.57721	13.4261	19.80051	18.55596	19.82896	21.72375	18.40012	18.75043	24.04499	18.75781	24.82655	14.12086	23.61689	24.02919	18.05554	22.48938	22.50408	19.42296	19.93307	16.37513	23.30826	23.2757	17.08706	14.74001
alpha_rarefaction_500_4.txt	500	4	18.77799	20.2575	22.93001	20.36896	17.06576	21.28277	22.45136	21.1928	18.8132	16.88144	20.08247	22.05402	21.96714	19.58151	25.35909	19.72749	20.38733	15.95759	21.43876	21.87513	20.40638	18.42206	14.41463	14.12531	16.54511	15.86424	19.6653	12.86785	19.24227	12.57535	17.38629	15.59757	14.24547	12.98269	21.8183	16.7185	18.00927	14.62957	20.89256	19.88826	20.02078	23.09859	18.73651	18.93767	24.5223	20.52297	26.33457	14.14498	23.70767	22.49561	17.54487	25.63814	21.38123	20.11109	19.12803	16.45497	21.18108	21.96758	16.27969	15.93956
alpha_rarefaction_500_5.txt	500	5	20.78727	19.85284	22.61269	21.12016	17.26292	20.27729	21.83435	21.22197	18.78025	16.67537	20.9919	21.93594	22.44337	19.26799	25.59608	19.4806	20.46187	16.38615	21.22308	23.63368	20.77919	18.18528	15.97891	13.27738	18.14482	16.87029	20.82694	13.70695	20.08916	13.36018	17.26782	16.9853	15.09824	13.8246	20.91052	15.87584	16.66084	13.62342	19.26383	21.31974	18.18502	22.7498	20.44965	17.1191	24.05636	20.27772	23.42947	14.02383	21.32126	24.50361	17.7448	24.29834	21.08908	20.13737	19.52619	16.46672	22.4665	21.1957	16.43118	15.79277
alpha_rarefaction_500_6.txt	500	6	19.83116	19.83802	22.06151	19.72018	17.39109	20.91194	21.35392	22.54266	18.20766	16.64126	20.98912	22.70248	23.17283	19.13068	25.29878	20.15809	21.36094	15.88398	21.4587	22.75275	18.67496	18.51894	15.72188	13.54204	17.39343	17.59676	18.38931	12.82567	20.38884	13.68875	16.01172	16.36415	15.40914	13.91228	20.60612	16.79856	17.86807	14.11003	20.9774	19.49507	20.09488	25.23084	18.83982	17.85967	24.4557	18.92809	26.24325	13.97704	22.42104	22.578	17.71417	24.77675	20.66477	19.90153	18.78657	16.73627	21.38516	21.56794	15.89282	15.37298
alpha_rarefaction_500_7.txt	500	7	20.52763	20.4271	23.06215	19.93352	16.57064	21.29594	23.57846	21.94789	18.44593	16.7003	21.91661	21.77397	22.8129	19.67278	25.77347	20.44721	19.65304	17.18571	21.31657	22.63417	20.7067	17.92854	16.05547	13.13397	16.50132	16.96819	21.17345	13.11711	19.17662	12.72451	15.13586	15.12982	14.5799	13.68441	20.40892	17.65324	18.57497	14.39333	19.60527	19.28136	19.96433	23.92414	19.80732	18.82427	24.78002	21.26361	25.64686	14.88186	23.29594	24.1495	17.13011	24.12952	21.35275	20.1572	19.57678	16.66504	22.2586	22.14897	16.30834	15.01052
alpha_rarefaction_500_8.txt	500	8	18.89979	20.51385	21.29284	19.39099	17.10644	21.25881	22.54735	22.29826	19.19061	17.45081	19.61538	21.19378	21.97927	18.97421	26.04578	19.79611	20.89732	17.22125	21.42911	23.65145	20.43401	18.43235	15.19121	14.48424	17.1425	17.782	20.94299	13.36249	20.72922	12.5994	16.40635	16.67701	15.99835	13.80465	22.24233	17.68922	18.75868	14.30364	20.58254	19.18369	19.22742	23.75714	19.1705	17.85153	26.49357	20.40815	24.64445	13.66863	22.26726	23.13071	19.02383	23.52973	20.75399	20.23109	19.571	17.68005	22.66399	22.30169	14.80079	15.58016
alpha_rarefaction_500_9.txt	500	9	20.43762	19.84574	22.80991	21.35126	16.77956	21.1877	21.83187	22.44829	18.19959	16.65461	21.51224	20.73818	21.51527	19.44373	25.59829	18.69015	20.73836	16.88152	19.74909	21.79006	20.13577	18.88444	14.78609	13.77239	18.10831	17.51304	19.72329	13.76919	20.75323	12.70592	16.63121	16.59403	15.69264	15.86246	21.811	16.95205	17.58702	13.54598	20.20814	20.39008	18.68608	22.10459	19.67082	18.76727	24.06978	20.47388	24.4843	15.50343	24.71099	23.40353	17.88578	24.62611	21.80444	20.17929	19.68018	16.67699	20.34851	23.08407	17.06887	15.04377